node_id predict_label
0 0
1 1
2 0
3 1
4 0
5 1
6 1
7 1
8 0
9 1
10 0
11 0
12 0
13 1
14 1
15 1
16 0
17 0
18 0
19 1
20 0
21 1
22 1
23 0
24 0
25 0
26 1
27 1
28 0
29 1
30 1
31 1
32 1
33 0
34 0
35 1
36 1
37 1
38 1
39 0
40 0
41 0
42 0
43 0
44 0
45 1
46 0
47 0
48 0
49 0
50 0
51 1
52 0
53 1
54 1
55 1
56 0
57 1
58 0
59 0
60 1
61 1
62 0
63 1
64 0
65 1
66 1
67 1
68 1
69 0
70 0
71 1
72 1
73 0
74 0
75 1
76 1
77 1
78 0
79 1
80 0
81 0
82 1
83 1
84 1
85 0
86 0
87 0
88 1
89 1
90 0
91 1
92 0
93 1
94 1
95 1
96 0
97 1
98 0
99 1
100 0
101 0
102 0
103 1
104 0
105 0
106 1
107 0
108 1
109 1
110 1
111 0
112 0
113 1
114 1
115 0
116 1
117 1
118 1
119 1
120 1
121 0
122 1
123 1
124 1
125 0
126 1
127 1
128 0
129 1
130 0
131 1
132 0
133 0
134 0
135 0
136 1
137 1
138 1
139 1
140 0
141 1
142 1
143 1
144 1
145 1
146 0
147 0
148 1
149 1
150 1
151 0
152 0
153 1
154 1
155 1
156 1
157 0
158 1
159 0
160 0
161 1
162 1
163 1
164 0
165 1
166 1
167 0
168 0
169 0
170 0
171 0
172 1
173 1
174 0
175 0
176 0
177 1
178 0
179 0
180 1
181 0
182 0
183 1
184 1
185 1
186 0
187 1
188 0
189 0
190 0
191 1
192 0
193 0
194 1
195 0
196 1
197 1
198 1
199 1
200 0
201 1
202 0
203 1
204 0
205 1
206 0
207 1
208 0
209 0
210 0
211 1
212 0
213 1
214 1
215 1
216 0
217 1
218 1
219 0
220 1
221 1
222 0
223 1
224 1
225 1
226 1
227 0
228 0
229 0
230 0
231 0
232 0
233 1
234 1
235 1
236 1
237 0
238 0
239 1
240 1
241 0
242 1
243 1
244 0
245 1
246 0
247 0
248 1
249 1
250 0
251 0
252 0
253 1
254 0
255 0
256 1
257 0
258 0
259 0
260 0
261 1
262 0
263 1
264 1
265 1
266 1
267 1
268 0
269 0
270 1
271 0
272 1
273 1
274 1
275 0
276 0
277 0
278 1
279 1
280 1
281 1
282 0
283 1
284 0
285 1
286 0
287 0
288 1
289 0
290 1
291 1
292 0
293 0
294 0
295 0
296 1
297 1
298 0
299 0
300 0
301 1
302 0
303 1
304 1
305 1
306 1
307 0
308 1
309 0
310 1
311 0
312 1
313 1
314 1
315 1
316 1
317 1
318 1
319 0
320 0
321 0
322 0
323 0
324 0
325 1
326 0
327 1
328 0
329 1
330 0
331 0
332 1
333 1
334 1
335 0
336 1
337 1
338 0
339 1
340 0
341 1
342 1
343 0
344 1
345 1
346 1
347 1
348 0
349 1
350 0
351 0
352 1
353 1
354 0
355 0
356 0
357 0
358 1
359 0
360 1
361 1
362 1
363 0
364 0
365 0
366 1
367 1
368 1
369 1
370 0
371 1
372 1
373 0
374 0
375 0
376 0
377 1
378 0
379 1
380 0
381 1
382 0
383 1
384 1
385 1
386 0
387 1
388 0
389 1
390 0
391 0
392 0
393 0
394 1
395 0
396 1
397 0
398 0
399 0
400 1
401 0
402 1
403 1
404 1
405 0
406 0
407 1
408 0
409 0
410 0
411 0
412 1
413 1
414 0
415 0
416 1
417 1
418 1
419 1
420 0
421 0
422 1
423 0
424 1
425 1
426 0
427 1
428 1
429 0
430 1
431 1
432 1
433 1
434 0
435 1
436 1
437 1
438 1
439 0
440 1
441 0
442 1
443 0
444 1
445 0
446 1
447 0
448 0
449 0
450 1
451 0
452 0
453 0
454 1
455 0
456 1
457 1
458 0
459 1
460 0
461 0
462 0
463 0
464 1
465 1
466 1
467 0
468 0
469 1
470 1
471 0
472 1
473 1
474 0
475 0
476 0
477 0
478 1
479 1
480 1
481 1
482 1
483 1
484 1
485 0
486 1
487 1
488 1
489 1
490 1
491 1
492 0
493 0
494 1
495 0
496 0
497 0
498 0
499 0
500 0
501 1
502 0
503 1
504 1
505 1
506 0
507 1
508 0
509 1
510 0
511 1
512 0
513 0
514 0
515 1
516 1
517 1
518 0
519 1
520 1
521 0
522 0
523 1
524 1
525 0
526 0
527 0
528 1
529 0
530 0
531 0
532 0
533 1
534 0
535 0
536 0
537 0
538 1
539 1
540 1
541 1
542 1
543 1
544 0
545 1
546 1
547 1
548 1
549 1
550 1
551 0
552 0
553 1
554 0
555 1
556 0
557 0
558 1
559 1
560 1
561 1
562 1
563 0
564 0
565 1
566 0
567 0
568 1
569 1
570 0
571 0
572 1
573 1
574 0
575 1
576 0
577 1
578 0
579 0
580 0
581 1
582 1
583 1
584 0
585 0
586 0
587 0
588 0
589 0
590 0
591 1
592 1
593 0
594 0
595 1
596 0
597 1
598 1
599 1
600 1
601 0
602 0
603 1
604 0
605 0
606 1
607 1
608 0
609 1
610 0
611 0
612 0
613 1
614 0
615 1
616 0
617 1
618 1
619 0
620 1
621 0
622 1
623 0
624 1
625 0
626 0
627 0
628 0
629 0
630 1
631 0
632 1
633 1
634 0
635 0
636 1
637 0
638 0
639 1
640 0
641 1
642 1
643 1
644 0
645 1
646 0
647 1
648 1
649 0
650 0
651 0
652 0
653 1
654 0
655 1
656 0
657 0
658 0
659 1
660 1
661 0
662 0
663 1
664 0
665 0
666 0
667 0
668 1
669 0
670 1
671 0
672 0
673 1
674 0
675 0
676 1
677 1
678 0
679 1
680 0
681 0
682 1
683 0
684 1
685 0
686 1
687 1
688 1
689 1
690 1
691 1
692 0
693 1
694 1
695 1
696 1
697 1
698 1
699 0
700 0
701 1
702 1
703 0
704 0
705 0
706 0
707 1
708 0
709 0
710 1
711 0
712 1
713 0
714 1
715 1
716 0
717 1
718 0
719 0
720 0
721 0
722 0
723 1
724 1
725 1
726 1
727 1
728 1
729 0
730 1
731 0
732 0
733 1
734 1
735 0
736 1
737 0
738 0
739 0
740 1
741 0
742 0
743 1
744 0
745 0
746 1
747 0
748 0
749 1
750 0
751 1
752 0
753 0
754 1
755 1
756 1
757 1
758 1
759 0
760 0
761 0
762 0
763 0
764 0
765 1
766 0
767 0
768 0
769 0
770 0
771 0
772 1
773 1
774 1
775 0
776 0
777 0
778 0
779 1
780 1
781 0
782 0
783 0
784 0
785 0
786 0
787 1
788 0
789 0
790 1
791 0
792 0
793 0
794 1
795 0
796 0
797 1
798 0
799 0
800 0
801 1
802 0
803 0
804 0
805 0
806 1
807 1
808 1
809 0
810 0
811 1
812 0
813 0
814 0
815 0
816 0
817 0
818 1
819 0
820 1
821 0
822 0
823 1
824 1
825 1
826 0
827 0
828 1
829 1
830 0
831 0
832 0
833 1
834 0
835 1
836 1
837 0
838 0
839 0
840 1
841 0
842 0
843 1
844 1
845 1
846 0
847 0
848 0
849 0
850 1
851 1
852 0
853 1
854 1
855 1
856 0
857 0
858 0
859 0
860 0
861 0
862 0
863 0
864 1
865 0
866 0
867 0
868 1
869 1
870 0
871 1
872 1
873 0
874 0
875 0
876 0
877 1
878 0
879 0
880 1
881 1
882 1
883 1
884 1
885 1
886 0
887 1
888 0
889 0
890 0
891 1
892 1
893 0
894 1
895 1
896 1
897 1
898 0
899 1
900 1
901 0
902 0
903 1
904 1
905 1
906 0
907 1
908 0
909 0
910 0
911 1
912 0
913 0
914 0
915 0
916 1
917 1
918 0
919 1
920 1
921 1
922 0
923 0
924 1
925 0
926 0
927 0
928 0
929 1
930 1
931 0
932 0
933 1
934 1
935 0
936 0
937 0
938 1
939 1
940 0
941 0
942 1
943 0
944 1
945 1
946 1
947 1
948 0
949 1
950 1
951 1
952 1
953 0
954 1
955 0
956 0
957 1
958 0
959 0
960 0
961 0
962 0
963 0
964 0
965 1
966 1
967 0
968 0
969 1
970 0
971 0
972 1
973 0
974 0
975 0
976 1
977 0
978 0
979 0
980 1
981 0
982 1
983 0
984 0
985 0
986 1
987 1
988 1
989 0
990 1
991 1
992 1
993 0
994 0
995 0
996 0
997 1
998 0
999 1
1000 0
1001 0
1002 0
1003 0
1004 0
1005 0
1006 0
1007 1
1008 0
1009 1
1010 1
1011 0
1012 1
1013 0
1014 0
1015 1
1016 1
1017 0
1018 0
1019 0
1020 1
1021 1
1022 1
1023 1
1024 1
1025 1
1026 1
1027 0
1028 1
1029 1
1030 0
1031 0
1032 0
1033 1
1034 0
1035 0
1036 0
1037 0
1038 0
1039 0
1040 0
1041 1
1042 1
1043 0
1044 0
1045 1
1046 1
1047 1
1048 0
1049 1
1050 0
1051 0
1052 0
1053 1
1054 0
1055 1
1056 0
1057 1
1058 1
1059 1
1060 0
1061 1
1062 0
1063 0
1064 1
1065 1
1066 0
1067 0
1068 0
1069 1
1070 0
1071 0
1072 1
1073 0
1074 1
1075 0
1076 1
1077 0
1078 1
1079 1
1080 1
1081 1
1082 1
1083 0
1084 1
1085 1
1086 0
1087 0
1088 1
1089 0
1090 1
1091 1
1092 1
1093 1
1094 1
1095 1
1096 0
1097 0
1098 1
1099 1
1100 0
1101 1
1102 1
1103 1
1104 1
1105 1
1106 1
1107 0
1108 1
1109 0
1110 1
1111 0
1112 1
1113 1
1114 1
1115 0
1116 0
1117 1
1118 0
1119 1
1120 1
1121 1
1122 1
1123 0
1124 1
1125 1
1126 1
1127 0
1128 0
1129 1
1130 1
1131 0
1132 1
1133 0
1134 1
1135 1
1136 1
1137 1
1138 1
1139 1
1140 0
1141 0
1142 1
1143 0
1144 1
1145 1
1146 1
1147 1
1148 0
1149 1
1150 0
1151 1
1152 0
1153 0
1154 0
1155 0
1156 1
1157 0
1158 0
1159 0
1160 0
1161 0
1162 0
1163 1
1164 0
1165 1
1166 1
1167 1
1168 0
1169 1
1170 1
1171 0
1172 0
1173 1
1174 0
1175 1
1176 1
1177 1
1178 1
1179 1
1180 1
1181 0
1182 1
1183 1
1184 1
1185 1
1186 1
1187 0
1188 0
1189 1
1190 1
1191 1
1192 0
1193 0
1194 0
1195 0
1196 0
1197 0
1198 0
1199 1
1200 0
1201 0
1202 0
1203 1
1204 0
1205 1
1206 1
1207 0
1208 1
1209 0
1210 1
1211 1
1212 1
1213 0
1214 0
1215 0
1216 1
1217 0
1218 0
1219 0
1220 0
1221 1
1222 1
1223 1
1224 0
1225 0
1226 1
1227 0
1228 0
1229 1
1230 0
1231 0
1232 0
1233 1
1234 0
1235 1
1236 1
1237 1
1238 1
1239 1
1240 1
1241 0
1242 0
1243 1
1244 1
1245 1
1246 1
1247 0
1248 0
1249 1
1250 0
1251 1
1252 1
1253 0
1254 1
1255 1
1256 0
1257 0
1258 1
1259 1
1260 1
1261 1
1262 0
1263 0
1264 0
1265 0
1266 1
1267 1
1268 1
1269 1
1270 0
1271 0
1272 1
1273 1
1274 0
1275 0
1276 0
1277 0
1278 1
1279 0
1280 1
1281 1
1282 0
1283 0
1284 0
1285 0
1286 1
1287 1
1288 1
1289 0
1290 1
1291 1
1292 0
1293 0
1294 1
1295 1
1296 0
1297 1
1298 0
1299 0
1300 1
1301 0
1302 1
1303 1
1304 0
1305 1
1306 1
1307 1
1308 1
1309 0
1310 1
1311 0
1312 0
1313 0
1314 0
1315 0
1316 0
1317 0
1318 1
1319 1
1320 1
1321 1
1322 1
1323 0
1324 1
1325 1
1326 0
1327 1
1328 0
1329 1
1330 0
1331 1
1332 0
1333 0
1334 0
1335 0
1336 1
1337 0
1338 1
1339 1
1340 1
1341 0
1342 0
1343 1
1344 1
1345 0
1346 1
1347 1
1348 1
1349 0
1350 0
1351 0
1352 1
1353 1
1354 1
1355 0
1356 0
1357 0
1358 1
1359 1
1360 0
1361 1
1362 0
1363 0
1364 0
1365 0
1366 0
1367 1
1368 1
1369 0
1370 1
1371 0
1372 1
1373 1
1374 1
1375 0
1376 0
1377 1
1378 1
1379 1
1380 1
1381 0
1382 1
1383 1
1384 0
1385 0
1386 1
1387 1
1388 0
1389 0
1390 1
1391 1
1392 1
1393 0
1394 0
1395 0
1396 1
1397 1
1398 1
1399 1
1400 0
1401 1
1402 1
1403 0
1404 0
1405 0
1406 1
1407 0
1408 0
1409 0
1410 0
1411 1
1412 1
1413 1
1414 1
1415 1
1416 0
1417 1
1418 0
1419 0
1420 0
1421 0
1422 0
1423 0
1424 0
1425 1
1426 1
1427 1
1428 1
1429 1
1430 1
1431 1
1432 1
1433 0
1434 1
1435 1
1436 1
1437 1
1438 1
1439 0
1440 1
1441 1
1442 1
1443 1
1444 0
1445 1
1446 0
1447 1
1448 1
1449 0
1450 1
1451 1
1452 1
1453 0
1454 1
1455 1
1456 0
1457 1
1458 1
1459 0
1460 1
1461 0
1462 0
1463 0
1464 1
1465 0
1466 1
1467 1
1468 1
1469 0
1470 0
1471 0
1472 0
1473 1
1474 0
1475 0
1476 1
1477 1
1478 1
1479 0
1480 0
1481 1
1482 1
1483 1
1484 0
1485 1
1486 0
1487 1
1488 1
1489 0
1490 0
1491 1
1492 1
1493 1
1494 1
1495 0
1496 0
1497 0
1498 1
1499 0
1500 1
1501 1
1502 0
1503 0
1504 1
1505 0
1506 0
1507 0
1508 1
1509 1
1510 0
1511 1
1512 1
1513 1
1514 0
1515 0
1516 1
1517 0
1518 1
1519 0
1520 1
1521 1
1522 0
1523 0
1524 0
1525 0
1526 1
1527 1
1528 1
1529 0
1530 1
1531 1
1532 0
1533 0
1534 1
1535 0
1536 0
1537 1
1538 1
1539 1
1540 1
1541 1
1542 1
1543 1
1544 0
1545 0
1546 1
1547 0
1548 0
1549 0
1550 1
1551 1
1552 1
1553 0
1554 1
1555 1
1556 1
1557 1
1558 1
1559 0
1560 1
1561 1
1562 0
1563 0
1564 0
1565 1
1566 1
1567 0
1568 0
1569 0
1570 1
1571 0
1572 0
1573 0
1574 1
1575 1
1576 1
1577 1
1578 0
1579 0
1580 0
1581 1
1582 1
1583 0
1584 0
1585 0
1586 1
1587 0
1588 1
1589 1
1590 0
1591 0
1592 0
1593 0
1594 1
1595 0
1596 0
1597 0
1598 1
1599 1
1600 1
1601 0
1602 0
1603 1
1604 1
1605 0
1606 0
1607 1
1608 0
1609 0
1610 1
1611 1
1612 0
1613 0
1614 0
1615 1
1616 0
1617 0
1618 1
1619 1
1620 1
1621 0
1622 1
1623 1
1624 1
1625 0
1626 0
1627 1
1628 0
1629 0
1630 0
1631 1
1632 0
1633 0
1634 1
1635 1
1636 0
1637 0
1638 0
1639 1
1640 1
1641 1
1642 1
1643 1
1644 1
1645 1
1646 0
1647 0
1648 1
1649 1
1650 0
1651 0
1652 1
1653 0
1654 1
1655 0
1656 1
1657 1
1658 1
1659 1
1660 1
1661 0
1662 0
1663 1
1664 0
1665 1
1666 1
1667 0
1668 0
1669 1
1670 1
1671 0
1672 1
1673 1
1674 0
1675 1
1676 1
1677 0
1678 0
1679 1
1680 0
1681 0
1682 0
1683 1
1684 0
1685 0
1686 1
1687 1
1688 1
1689 0
1690 1
1691 0
1692 0
1693 0
1694 1
1695 1
1696 0
1697 1
1698 1
1699 1
1700 0
1701 0
1702 1
1703 1
1704 0
1705 0
1706 1
1707 1
1708 1
1709 0
1710 0
1711 1
1712 1
1713 1
1714 0
1715 1
1716 0
1717 1
1718 1
1719 0
1720 0
1721 1
1722 1
1723 1
1724 1
1725 1
1726 1
1727 1
1728 0
1729 0
1730 1
1731 1
1732 1
1733 0
1734 0
1735 0
1736 1
1737 0
1738 0
1739 1
1740 1
1741 0
1742 1
1743 1
1744 0
1745 0
1746 0
1747 1
1748 0
1749 1
1750 1
1751 1
1752 0
1753 0
1754 1
1755 0
1756 0
1757 0
1758 1
1759 0
1760 1
1761 1
1762 0
1763 1
1764 1
1765 0
1766 1
1767 0
1768 0
1769 0
1770 1
1771 1
1772 0
1773 1
1774 0
1775 0
1776 1
1777 0
1778 1
1779 0
1780 1
1781 1
1782 0
1783 1
1784 1
1785 0
1786 0
1787 0
1788 1
1789 0
1790 0
1791 0
1792 0
1793 1
1794 1
1795 0
1796 0
1797 1
1798 0
1799 1
1800 0
1801 1
1802 0
1803 0
1804 0
1805 1
1806 1
1807 1
1808 1
1809 1
1810 1
1811 0
1812 0
1813 1
1814 1
1815 0
1816 0
1817 1
1818 1
1819 0
1820 0
1821 0
1822 1
1823 0
1824 0
1825 1
1826 0
1827 0
1828 1
1829 1
1830 0
1831 0
1832 1
1833 1
1834 0
1835 0
1836 0
1837 1
1838 1
1839 1
1840 1
1841 1
1842 1
1843 1
1844 1
1845 1
1846 0
1847 0
1848 1
1849 1
1850 1
1851 1
1852 0
1853 1
1854 0
1855 1
1856 0
1857 1
1858 1
1859 1
1860 0
1861 1
1862 1
1863 1
1864 0
1865 0
1866 1
1867 1
1868 0
1869 1
1870 1
1871 1
1872 0
1873 0
1874 1
1875 0
1876 0
1877 1
1878 1
1879 1
1880 1
1881 0
1882 1
1883 1
1884 1
1885 0
1886 0
1887 0
1888 1
1889 0
1890 1
1891 1
1892 1
1893 0
1894 1
1895 0
1896 1
1897 1
1898 0
1899 0
1900 1
1901 1
1902 1
1903 1
1904 1
1905 1
1906 0
1907 1
1908 0
1909 1
1910 1
1911 1
1912 1
1913 1
1914 1
1915 1
1916 0
1917 1
1918 0
1919 0
1920 1
1921 1
1922 0
1923 0
1924 1
1925 0
1926 0
1927 1
1928 1
1929 0
1930 0
1931 1
1932 0
1933 0
1934 1
1935 1
1936 0
1937 1
1938 1
1939 0
1940 0
1941 1
1942 1
1943 1
1944 1
1945 0
1946 0
1947 0
1948 1
1949 0
1950 0
1951 1
1952 0
1953 0
1954 1
1955 0
1956 1
1957 1
1958 1
1959 0
1960 0
1961 1
1962 0
1963 1
1964 0
1965 0
1966 1
1967 0
1968 1
1969 1
1970 0
1971 0
1972 0
1973 0
1974 1
1975 0
1976 1
1977 0
1978 0
1979 1
1980 1
1981 0
1982 1
1983 1
1984 1
1985 1
1986 1
1987 0
1988 0
1989 1
1990 0
1991 0
1992 1
1993 1
1994 0
1995 0
1996 0
1997 0
1998 1
1999 1
2000 0
2001 0
2002 1
2003 0
2004 1
2005 0
2006 0
2007 0
2008 0
2009 0
2010 0
2011 0
2012 1
2013 0
2014 0
2015 1
2016 1
2017 0
2018 0
2019 0
2020 1
2021 1
2022 0
2023 1
2024 0
2025 1
2026 0
2027 0
2028 1
2029 0
2030 0
2031 1
2032 0
2033 1
2034 0
2035 0
2036 0
2037 1
2038 0
2039 1
2040 0
2041 0
2042 0
2043 1
2044 0
2045 0
2046 0
2047 1
2048 1
2049 0
2050 1
2051 0
2052 1
2053 1
2054 0
2055 1
2056 0
2057 0
2058 0
2059 0
2060 0
2061 0
2062 0
2063 0
2064 0
2065 0
2066 0
2067 1
2068 1
2069 0
2070 0
2071 0
2072 0
2073 1
2074 0
2075 0
2076 0
2077 1
2078 0
2079 1
2080 0
2081 1
2082 1
2083 0
2084 0
2085 0
2086 0
2087 0
2088 1
2089 1
2090 0
2091 1
2092 0
2093 1
2094 0
2095 0
2096 1
2097 1
2098 0
2099 1
2100 0
2101 0
2102 0
2103 1
2104 0
2105 0
2106 0
2107 0
2108 0
2109 1
2110 1
2111 1
2112 1
2113 1
2114 0
2115 1
2116 1
2117 1
2118 1
2119 1
2120 0
2121 1
2122 0
2123 0
2124 0
2125 1
2126 0
2127 1
2128 0
2129 0
2130 0
2131 0
2132 1
2133 1
2134 0
2135 1
2136 0
2137 0
2138 1
2139 1
2140 0
2141 0
2142 0
2143 1
2144 1
2145 1
2146 1
2147 1
2148 0
2149 1
2150 0
2151 1
2152 1
2153 1
2154 0
2155 0
2156 0
2157 1
2158 1
2159 1
2160 0
2161 1
2162 0
2163 1
2164 0
2165 0
2166 0
2167 0
2168 1
2169 1
2170 1
2171 0
2172 0
2173 1
2174 1
2175 1
2176 0
2177 1
2178 0
2179 1
2180 0
2181 1
2182 0
2183 0
2184 0
2185 1
2186 0
2187 1
2188 1
2189 1
2190 1
2191 0
2192 1
2193 0
2194 1
2195 0
2196 0
2197 1
2198 0
2199 0
2200 0
2201 0
2202 0
2203 1
2204 1
2205 0
2206 0
2207 1
2208 0
2209 0
2210 1
2211 0
2212 1
2213 1
2214 0
2215 0
2216 0
2217 1
2218 1
2219 0
2220 0
2221 0
2222 1
2223 1
2224 0
2225 0
2226 1
2227 0
2228 0
2229 0
2230 1
2231 0
2232 0
2233 0
2234 1
2235 1
2236 1
2237 1
2238 1
2239 0
2240 0
2241 1
2242 1
2243 1
2244 0
2245 1
2246 0
2247 0
2248 0
2249 0
2250 0
2251 1
2252 1
2253 0
2254 1
2255 0
2256 1
2257 0
2258 1
2259 0
2260 0
2261 0
2262 1
2263 1
2264 0
2265 0
2266 1
2267 1
2268 1
2269 0
2270 0
2271 1
2272 0
2273 1
2274 1
2275 0
2276 1
2277 0
2278 1
2279 1
2280 1
2281 0
2282 0
2283 1
2284 1
2285 0
2286 1
2287 0
2288 1
2289 1
2290 1
2291 0
2292 0
2293 1
2294 0
2295 1
2296 0
2297 0
2298 0
2299 0
2300 1
2301 0
2302 0
2303 0
2304 0
2305 1
2306 1
2307 0
2308 0
2309 1
2310 0
2311 0
2312 0
2313 0
2314 0
2315 0
2316 0
2317 1
2318 1
2319 1
2320 1
2321 0
2322 0
2323 0
2324 1
2325 1
2326 1
2327 0
2328 0
2329 1
2330 1
2331 1
2332 0
2333 0
2334 0
2335 0
2336 1
2337 1
2338 1
2339 0
2340 0
2341 1
2342 1
2343 0
2344 0
2345 1
2346 1
2347 1
2348 0
2349 1
2350 1
2351 0
2352 1
2353 1
2354 0
2355 0
2356 0
2357 1
2358 1
2359 0
2360 0
2361 1
2362 1
2363 0
2364 0
2365 1
2366 0
2367 1
2368 1
2369 0
2370 1
2371 1
2372 1
2373 1
2374 0
2375 0
2376 0
2377 1
2378 0
2379 0
2380 0
2381 0
2382 0
2383 1
2384 0
2385 0
2386 0
2387 1
2388 1
2389 0
2390 1
2391 1
2392 1
2393 1
2394 0
2395 1
2396 1
2397 1
2398 1
2399 0
2400 0
2401 1
2402 1
2403 0
2404 1
2405 1
2406 1
2407 1
2408 0
2409 1
2410 0
2411 1
2412 1
2413 1
2414 1
2415 1
2416 1
2417 1
2418 1
2419 0
2420 0
2421 0
2422 1
2423 0
2424 1
2425 0
2426 1
2427 0
2428 0
2429 1
2430 1
2431 0
2432 1
2433 1
2434 1
2435 0
2436 0
2437 0
2438 1
2439 0
2440 0
2441 1
2442 1
2443 0
2444 0
2445 1
2446 1
2447 0
2448 0
2449 0
2450 1
2451 1
2452 1
2453 1
2454 1
2455 1
2456 1
2457 1
2458 1
2459 0
2460 1
2461 1
2462 0
2463 1
2464 0
2465 1
2466 0
2467 1
2468 0
2469 1
2470 0
2471 1
2472 1
2473 1
2474 0
2475 1
2476 1
2477 1
2478 0
2479 1
2480 1
2481 0
2482 0
2483 0
2484 1
2485 1
2486 1
2487 1
2488 0
2489 0
2490 1
2491 0
2492 1
2493 1
2494 1
2495 1
2496 0
2497 1
2498 0
2499 1
2500 0
2501 0
2502 0
2503 1
2504 1
2505 1
2506 0
2507 1
2508 0
2509 1
2510 0
2511 1
2512 0
2513 1
2514 0
2515 1
2516 0
2517 0
2518 1
2519 1
2520 1
2521 1
2522 1
2523 1
2524 1
2525 1
2526 1
2527 1
2528 0
2529 1
2530 1
2531 1
2532 1
2533 1
2534 1
2535 0
2536 0
2537 0
2538 0
2539 1
2540 0
2541 0
2542 0
2543 1
2544 0
2545 0
2546 0
2547 0
2548 1
2549 0
2550 0
2551 1
2552 0
2553 1
2554 1
2555 0
2556 0
2557 1
2558 1
2559 1
2560 0
2561 1
2562 1
2563 0
2564 0
2565 1
2566 1
2567 1
2568 0
2569 1
2570 0
2571 0
2572 0
2573 0
2574 0
2575 0
2576 1
2577 1
2578 1
2579 0
2580 0
2581 1
2582 0
2583 0
2584 0
2585 0
2586 1
2587 1
2588 1
2589 0
2590 1
2591 1
2592 1
2593 1
2594 0
2595 0
2596 1
2597 0
2598 0
2599 1
2600 1
2601 0
2602 0
2603 0
2604 0
2605 1
2606 1
2607 1
2608 1
2609 1
2610 1
2611 1
2612 0
2613 1
2614 0
2615 1
2616 0
2617 0
2618 0
2619 0
2620 0
2621 1
2622 1
2623 0
2624 0
2625 0
2626 0
2627 1
2628 0
2629 1
2630 0
2631 1
2632 1
2633 0
2634 1
2635 0
2636 0
2637 0
2638 0
2639 0
2640 0
2641 0
2642 1
2643 0
2644 1
2645 1
2646 1
2647 1
2648 0
2649 0
2650 0
2651 1
2652 0
2653 1
2654 0
2655 0
2656 1
2657 0
2658 0
2659 0
2660 0
2661 1
2662 0
2663 0
2664 0
2665 0
2666 0
2667 0
2668 1
2669 0
2670 0
2671 1
2672 1
2673 0
2674 1
2675 0
2676 0
2677 1
2678 1
2679 0
2680 1
2681 1
2682 0
2683 0
2684 1
2685 0
2686 1
2687 0
2688 1
2689 1
2690 0
2691 1
2692 1
2693 1
2694 0
2695 0
2696 1
2697 1
2698 1
2699 1
2700 1
2701 1
2702 0
2703 0
2704 1
2705 1
2706 1
2707 1
2708 0
2709 0
2710 0
2711 0
2712 0
2713 1
2714 0
2715 0
2716 1
2717 0
2718 0
2719 0
2720 1
2721 1
2722 1
2723 0
2724 1
2725 1
2726 0
2727 0
2728 0
2729 1
2730 1
2731 1
2732 0
2733 0
2734 0
2735 0
2736 1
2737 0
2738 0
2739 1
2740 1
2741 0
2742 0
2743 1
2744 0
2745 1
2746 1
2747 0
2748 1
2749 0
2750 1
2751 1
2752 1
2753 1
2754 0
2755 1
2756 1
2757 0
2758 0
2759 1
2760 1
2761 1
2762 1
2763 1
2764 1
2765 0
2766 0
2767 1
2768 1
2769 0
2770 0
2771 0
2772 1
2773 1
2774 1
2775 0
2776 1
2777 1
2778 1
2779 1
2780 0
2781 0
2782 0
2783 1
2784 0
2785 0
2786 0
2787 0
2788 1
2789 0
2790 1
2791 1
2792 0
2793 0
2794 0
2795 1
2796 0
2797 0
2798 0
2799 0
2800 1
2801 0
2802 1
2803 1
2804 1
2805 0
2806 1
2807 0
2808 0
2809 0
2810 0
2811 0
2812 0
2813 0
2814 0
2815 1
2816 1
2817 1
2818 0
2819 1
2820 1
2821 1
2822 0
2823 1
2824 0
2825 0
2826 1
2827 0
2828 1
2829 1
2830 0
2831 1
2832 1
2833 1
2834 0
2835 1
2836 0
2837 1
2838 0
2839 0
2840 0
2841 1
2842 1
2843 0
2844 1
2845 1
2846 1
2847 1
2848 0
2849 1
2850 1
2851 0
2852 0
2853 0
2854 1
2855 1
2856 1
2857 1
2858 1
2859 0
2860 0
2861 1
2862 0
2863 1
2864 1
2865 1
2866 1
2867 0
2868 1
2869 1
2870 0
2871 0
2872 1
2873 1
2874 1
2875 1
2876 0
2877 1
2878 0
2879 1
2880 0
2881 1
2882 1
2883 0
2884 0
2885 0
2886 0
2887 0
2888 1
2889 0
2890 0
2891 1
2892 1
2893 1
2894 0
2895 1
2896 0
2897 1
2898 0
2899 1
2900 1
2901 1
2902 1
2903 1
2904 0
2905 1
2906 1
2907 1
2908 0
2909 0
2910 0
2911 0
2912 1
2913 0
2914 0
2915 0
2916 1
2917 1
2918 1
2919 1
2920 1
2921 0
2922 1
2923 0
2924 1
2925 1
2926 1
2927 1
2928 1
2929 0
2930 1
2931 0
2932 0
2933 0
2934 0
2935 1
2936 1
2937 0
2938 1
2939 0
2940 1
2941 1
2942 1
2943 1
2944 1
2945 1
2946 1
2947 1
2948 0
2949 0
2950 0
2951 1
2952 0
2953 0
2954 1
2955 1
2956 1
2957 0
2958 0
2959 0
2960 0
2961 1
2962 1
2963 0
2964 1
2965 1
2966 1
2967 0
2968 1
2969 0
2970 0
2971 1
2972 1
2973 0
2974 1
2975 0
2976 1
2977 1
2978 1
2979 0
2980 1
2981 0
2982 1
2983 0
2984 1
2985 0
2986 0
2987 0
2988 0
2989 1
2990 1
2991 0
2992 0
2993 0
2994 1
2995 1
2996 1
2997 1
2998 0
2999 0
3000 1
3001 0
3002 1
3003 0
3004 1
3005 0
3006 0
3007 0
3008 0
3009 0
3010 0
3011 1
3012 0
3013 0
3014 1
3015 1
3016 0
3017 1
3018 1
3019 1
3020 1
3021 1
3022 0
3023 0
3024 1
3025 1
3026 1
3027 1
3028 1
3029 0
3030 1
3031 0
3032 0
3033 1
3034 0
3035 0
3036 0
3037 0
3038 0
3039 0
3040 0
3041 1
3042 0
3043 1
3044 1
3045 1
3046 0
3047 0
3048 1
3049 0
3050 0
3051 0
3052 0
3053 0
3054 1
3055 0
3056 1
3057 0
3058 0
3059 0
3060 0
3061 1
3062 1
3063 1
3064 1
3065 0
3066 1
3067 0
3068 0
3069 0
3070 0
3071 1
3072 1
3073 1
3074 1
3075 1
3076 0
3077 1
3078 1
3079 1
3080 0
3081 1
3082 1
3083 0
3084 0
3085 0
3086 1
3087 1
3088 1
3089 0
3090 1
3091 1
3092 1
3093 1
3094 0
3095 0
3096 0
3097 1
3098 1
3099 0
3100 0
3101 0
3102 0
3103 1
3104 0
3105 1
3106 0
3107 1
3108 1
3109 1
3110 1
3111 0
3112 1
3113 1
3114 1
3115 1
3116 1
3117 0
3118 0
3119 1
3120 0
3121 1
3122 1
3123 1
3124 0
3125 0
3126 1
3127 0
3128 0
3129 0
3130 0
3131 1
3132 0
3133 1
3134 0
3135 0
3136 0
3137 1
3138 1
3139 0
3140 1
3141 1
3142 1
3143 1
3144 1
3145 1
3146 1
3147 1
3148 1
3149 0
3150 0
3151 1
3152 0
3153 0
3154 1
3155 1
3156 1
3157 1
3158 1
3159 1
3160 0
3161 0
3162 1
3163 1
3164 0
3165 0
3166 0
3167 1
3168 1
3169 0
3170 1
3171 1
3172 1
3173 1
3174 1
3175 0
3176 0
3177 1
3178 0
3179 1
3180 0
3181 1
3182 0
3183 0
3184 0
3185 0
3186 1
3187 0
3188 1
3189 1
3190 1
3191 1
3192 0
3193 1
3194 0
3195 1
3196 0
3197 1
3198 0
3199 1
3200 0
3201 1
3202 0
3203 0
3204 1
3205 0
3206 1
3207 1
3208 1
3209 0
3210 1
3211 1
3212 0
3213 0
3214 1
3215 1
3216 0
3217 1
3218 0
3219 0
3220 1
3221 0
3222 1
3223 1
3224 1
3225 0
3226 1
3227 0
3228 1
3229 1
3230 0
3231 1
3232 0
3233 1
3234 0
3235 1
3236 1
3237 1
3238 1
3239 0
3240 1
3241 0
3242 1
3243 1
3244 0
3245 1
3246 1
3247 1
3248 0
3249 0
3250 0
3251 0
3252 0
3253 0
3254 1
3255 1
3256 0
3257 0
3258 1
3259 0
3260 0
3261 0
3262 1
3263 0
3264 1
3265 1
3266 1
3267 0
3268 0
3269 1
3270 0
3271 1
3272 1
3273 1
3274 1
3275 1
3276 1
3277 1
3278 1
3279 0
3280 0
3281 0
3282 0
3283 0
3284 0
3285 1
3286 1
3287 0
3288 1
3289 0
3290 0
3291 0
3292 0
3293 0
3294 1
3295 1
3296 0
3297 0
3298 0
3299 0
3300 1
3301 1
3302 1
3303 0
3304 0
3305 1
3306 0
3307 0
3308 1
3309 1
3310 1
3311 1
3312 0
3313 1
3314 0
3315 0
3316 0
3317 0
3318 1
3319 1
3320 1
3321 0
