node_id predict_label
0 1
1 1
2 1
3 1
4 1
5 0
6 0
7 1
8 1
9 1
10 1
11 1
12 1
13 0
14 1
15 1
16 1
17 1
18 0
19 1
20 0
21 1
22 1
23 1
24 1
25 1
26 1
27 1
28 1
29 1
30 1
31 1
32 1
33 1
34 1
35 1
36 1
37 1
38 1
39 0
40 1
41 0
42 1
43 1
44 0
45 1
46 1
47 1
48 1
49 1
50 1
51 0
52 0
53 1
54 0
55 0
56 0
57 1
58 1
59 1
60 0
61 1
62 1
63 1
64 1
65 0
66 1
67 0
68 1
69 0
70 1
71 0
72 0
73 1
74 0
75 0
76 1
77 1
78 1
79 1
80 1
81 0
82 1
83 0
84 0
85 1
86 1
87 1
88 0
89 1
90 1
91 1
92 0
93 1
94 1
95 1
96 0
97 1
98 0
99 1
100 0
101 0
102 1
103 1
104 1
105 0
106 0
107 1
108 0
109 1
110 0
111 0
112 0
113 0
114 0
115 1
116 1
117 0
118 1
119 0
120 0
121 1
122 1
123 1
124 1
125 0
126 1
127 1
128 1
129 0
130 1
131 1
132 1
133 0
134 0
135 1
136 0
137 1
138 1
139 1
140 0
141 0
142 1
143 1
144 1
145 1
146 1
147 0
148 1
149 1
150 0
151 1
152 1
153 1
154 1
155 1
156 0
157 1
158 1
159 1
160 1
161 1
162 1
163 1
164 1
165 1
166 0
167 0
168 1
169 1
170 1
171 1
172 1
173 1
174 1
175 1
176 1
177 0
178 1
179 1
180 0
181 1
182 1
183 1
184 1
185 1
186 1
187 1
188 1
189 0
190 1
191 1
192 1
193 1
194 0
195 1
196 1
197 1
198 1
199 0
200 1
201 1
202 0
203 1
204 1
205 0
206 1
207 0
208 1
209 0
210 0
211 1
212 0
213 1
214 1
215 0
216 1
217 0
218 1
219 1
220 1
221 1
222 0
223 1
224 1
225 1
226 1
227 0
228 0
229 1
230 1
231 0
232 1
233 0
234 0
235 1
236 1
237 0
238 0
239 1
240 1
241 1
242 1
243 1
244 0
245 0
246 1
247 0
248 0
249 1
250 1
251 1
252 1
253 1
254 1
255 1
256 0
257 1
258 0
259 0
260 0
261 1
262 0
263 0
264 0
265 0
266 1
267 0
268 1
269 1
270 1
271 1
272 1
273 1
274 0
275 1
276 1
277 1
278 1
279 0
280 1
281 0
282 0
283 0
284 0
285 1
286 0
287 1
288 1
289 1
290 1
291 1
292 0
293 1
294 1
295 1
296 1
297 1
298 1
299 1
300 1
301 0
302 1
303 1
304 1
305 0
306 0
307 1
308 0
309 1
310 0
311 1
312 1
313 1
314 1
315 1
316 0
317 0
318 0
319 0
320 1
321 1
322 1
323 1
324 0
325 1
326 1
327 0
328 0
329 1
330 1
331 1
332 1
333 1
334 1
335 0
336 0
337 1
338 0
339 1
340 1
341 0
342 1
343 0
344 1
345 1
346 0
347 0
348 1
349 1
350 1
351 1
352 0
353 0
354 1
355 1
356 0
357 0
358 0
359 1
360 0
361 1
362 1
363 1
364 0
365 1
366 1
367 1
368 1
369 0
370 1
371 1
372 0
373 1
374 1
375 1
376 0
377 1
378 1
379 1
380 1
381 1
382 1
383 0
384 1
385 0
386 0
387 0
388 1
389 0
390 1
391 1
392 1
393 1
394 1
395 0
396 1
397 1
398 1
399 0
400 1
401 1
402 1
403 0
404 1
405 0
406 1
407 0
408 1
409 0
410 1
411 1
412 1
413 0
414 0
415 1
416 1
417 1
418 1
419 0
420 1
421 1
422 0
423 1
424 0
425 0
426 1
427 1
428 0
429 1
430 1
431 0
432 1
433 1
434 1
435 1
436 0
437 1
438 1
439 1
440 0
441 0
442 0
443 1
444 0
445 1
446 0
447 1
448 1
449 0
450 0
451 0
452 1
453 0
454 1
455 0
456 0
457 0
458 1
459 0
460 1
461 1
462 1
463 1
464 1
465 0
466 1
467 1
468 0
469 1
470 1
471 1
472 0
473 0
474 1
475 0
476 1
477 0
478 1
479 1
480 1
481 1
482 0
483 1
484 1
485 0
486 1
487 1
488 0
489 0
490 0
491 0
492 0
493 1
494 1
495 1
496 0
497 1
498 0
499 0
500 0
501 0
502 0
503 0
504 0
505 1
506 1
507 1
508 1
509 0
510 0
511 1
512 1
513 1
514 1
515 1
516 0
517 0
518 1
519 1
520 0
521 0
522 0
523 0
524 1
525 0
526 1
527 1
528 1
529 1
530 1
531 0
532 1
533 1
534 0
535 1
536 0
537 1
538 1
539 1
540 0
541 1
542 1
543 1
544 1
545 0
546 0
547 1
548 0
549 1
550 1
551 1
552 1
553 1
554 0
555 1
556 1
557 0
558 1
559 0
560 1
561 1
562 1
563 1
564 0
565 1
566 1
567 1
568 1
569 0
570 1
571 0
572 0
573 1
574 0
575 0
576 1
577 1
578 1
579 0
580 1
581 1
582 0
583 1
584 1
585 1
586 0
587 1
588 1
589 0
590 0
591 1
592 1
593 0
594 1
595 0
596 1
597 1
598 1
599 0
600 1
601 0
602 1
603 1
604 1
605 1
606 0
607 0
608 1
609 0
610 0
611 1
612 1
613 1
614 0
615 1
616 1
617 1
618 1
619 1
620 0
621 1
622 1
623 1
624 0
625 1
626 1
627 0
628 0
629 1
630 0
631 0
632 1
633 1
634 0
635 0
636 1
637 0
638 1
639 1
640 1
641 1
642 1
643 0
644 1
645 0
646 0
647 1
648 0
649 0
650 1
651 1
652 0
653 1
654 0
655 1
656 1
657 0
658 1
659 1
660 1
661 1
662 0
663 0
664 1
665 1
666 0
667 0
668 1
669 1
670 1
671 0
672 0
673 1
674 1
675 1
676 1
677 1
678 1
679 0
680 1
681 1
682 1
683 1
684 0
685 1
686 0
687 1
688 1
689 0
690 0
691 0
692 1
693 1
694 1
695 1
696 0
697 1
698 0
699 1
700 1
701 0
702 1
703 1
704 0
705 0
706 0
707 0
708 1
709 1
710 0
711 1
712 1
713 0
714 0
715 1
716 0
717 0
718 1
719 1
720 0
721 0
722 1
723 0
724 1
725 1
726 0
727 0
728 0
729 1
730 1
731 1
732 1
733 1
734 0
735 1
736 0
737 0
738 1
739 1
740 0
741 0
742 1
743 0
744 1
745 1
746 0
747 1
748 1
749 0
750 1
751 1
752 0
753 1
754 0
755 0
756 0
757 1
758 0
759 0
760 1
761 1
762 1
763 1
764 0
765 1
766 1
767 0
768 0
769 0
770 1
771 1
772 0
773 0
774 1
775 1
776 0
777 1
778 0
779 0
780 1
781 1
782 1
783 0
784 1
785 1
786 1
787 1
788 0
789 1
790 1
791 1
792 0
793 0
794 1
795 0
796 1
797 1
798 0
799 1
800 0
801 0
802 1
803 1
804 1
805 1
806 1
807 1
808 1
809 1
810 0
811 1
812 1
813 0
814 1
815 1
816 1
817 0
818 0
819 0
820 0
821 0
822 1
823 0
824 0
825 0
826 0
827 0
828 1
829 1
830 1
831 1
832 1
833 1
834 0
835 1
836 0
837 1
838 1
839 1
840 0
841 0
842 1
843 1
844 1
845 1
846 1
847 0
848 1
849 1
850 0
851 1
852 0
853 1
854 1
855 0
856 0
857 1
858 0
859 1
860 1
861 1
862 1
863 1
864 0
865 0
866 1
867 1
868 1
869 0
870 1
871 1
872 1
873 1
874 0
875 1
876 1
877 1
878 1
879 1
880 1
881 1
882 1
883 1
884 1
885 1
886 1
887 1
888 1
889 1
890 0
891 0
892 1
893 1
894 0
895 1
896 1
897 1
898 1
899 1
900 1
901 1
902 1
903 1
904 1
905 1
906 0
907 1
908 1
909 1
910 1
911 1
912 1
913 1
914 1
915 1
916 1
917 1
918 1
919 1
920 1
921 0
922 1
923 0
924 1
925 0
926 1
927 1
928 1
929 1
930 1
931 0
932 1
933 0
934 1
935 1
936 0
937 1
938 1
939 0
940 1
941 1
942 0
943 1
944 0
945 1
946 0
947 1
948 1
949 1
950 1
951 1
952 1
953 1
954 1
955 1
956 1
957 0
958 1
959 1
960 0
961 1
962 1
963 1
964 1
965 1
966 1
967 1
968 1
969 1
970 1
971 1
972 0
973 1
974 1
975 1
976 1
977 0
978 0
979 1
980 1
981 1
982 1
983 1
984 0
985 1
986 0
987 1
988 1
989 1
990 0
991 1
992 1
993 1
994 1
995 1
996 1
997 1
998 1
999 0
1000 1
1001 1
1002 1
1003 1
1004 1
1005 1
1006 1
1007 1
1008 0
1009 1
1010 1
1011 0
1012 0
1013 1
1014 1
1015 1
1016 1
1017 1
1018 1
1019 1
1020 0
1021 1
1022 1
1023 1
1024 1
1025 1
1026 1
1027 1
1028 1
1029 1
1030 1
1031 1
1032 1
1033 0
1034 0
1035 0
1036 1
1037 0
1038 1
1039 1
1040 0
1041 0
1042 0
1043 0
1044 1
1045 1
1046 1
1047 1
1048 1
1049 1
1050 1
1051 0
1052 0
1053 0
1054 0
1055 1
1056 1
1057 0
1058 0
1059 1
1060 1
1061 0
1062 1
1063 1
1064 1
1065 1
1066 1
1067 1
1068 0
1069 1
1070 1
1071 1
1072 1
1073 0
1074 0
1075 0
1076 0
1077 1
1078 0
1079 0
1080 0
1081 1
1082 1
1083 1
1084 1
1085 1
1086 1
1087 0
1088 1
1089 0
1090 1
1091 1
1092 0
1093 1
1094 0
1095 0
1096 0
1097 1
1098 1
1099 1
1100 0
1101 1
1102 0
1103 1
1104 0
1105 1
1106 1
1107 0
1108 0
1109 0
1110 1
1111 0
1112 0
1113 0
1114 0
1115 0
1116 0
1117 0
1118 1
1119 0
1120 1
1121 1
1122 1
1123 1
1124 1
1125 1
1126 1
1127 0
1128 0
1129 1
1130 0
1131 1
1132 0
1133 1
1134 0
1135 1
1136 0
1137 1
1138 0
1139 1
1140 0
1141 1
1142 1
1143 1
1144 1
1145 0
1146 0
1147 0
1148 0
1149 1
1150 1
1151 0
1152 0
1153 1
1154 1
1155 1
1156 0
1157 1
1158 1
1159 1
1160 1
1161 1
1162 1
1163 1
1164 1
1165 1
1166 0
1167 0
1168 1
1169 1
1170 0
1171 1
1172 0
1173 1
1174 0
1175 1
1176 0
1177 1
1178 0
1179 1
1180 1
1181 1
1182 1
1183 1
1184 0
1185 1
1186 1
1187 1
1188 0
1189 0
1190 0
1191 1
1192 0
1193 1
1194 0
1195 0
1196 1
1197 0
1198 0
1199 1
1200 0
1201 1
1202 0
1203 1
1204 0
1205 1
1206 1
1207 0
1208 1
1209 1
1210 1
1211 0
1212 1
1213 1
1214 0
1215 0
1216 1
1217 1
1218 0
1219 1
1220 1
1221 1
1222 1
1223 0
1224 1
1225 1
1226 1
1227 0
1228 0
1229 0
1230 1
1231 1
1232 1
1233 1
1234 1
1235 1
1236 1
1237 0
1238 1
1239 1
1240 1
1241 0
1242 1
1243 0
1244 0
1245 0
1246 1
1247 1
1248 1
1249 0
1250 1
1251 0
1252 1
1253 1
1254 1
1255 1
1256 1
1257 0
1258 0
1259 1
1260 1
1261 0
1262 1
1263 1
1264 0
1265 0
1266 1
1267 1
1268 0
1269 1
1270 1
1271 1
1272 1
1273 1
1274 0
1275 1
1276 1
1277 1
1278 0
1279 1
1280 0
1281 1
1282 1
1283 0
1284 1
1285 0
1286 1
1287 1
1288 0
1289 0
1290 1
1291 1
1292 0
1293 1
1294 1
1295 1
1296 1
1297 0
1298 0
1299 0
1300 1
1301 0
1302 1
1303 1
1304 0
1305 0
1306 0
1307 0
1308 0
1309 0
1310 1
1311 0
1312 1
1313 0
1314 1
1315 0
1316 0
1317 1
1318 1
1319 1
1320 1
1321 0
1322 1
1323 1
1324 1
1325 1
1326 1
1327 1
1328 0
1329 0
1330 1
1331 1
1332 0
1333 0
1334 0
1335 1
1336 0
1337 1
1338 1
1339 1
1340 1
1341 1
1342 0
1343 1
1344 1
1345 0
1346 1
1347 1
1348 0
1349 1
1350 1
1351 0
1352 1
1353 1
1354 1
1355 1
1356 1
1357 1
1358 1
1359 0
1360 0
1361 1
1362 1
1363 0
1364 1
1365 1
1366 1
1367 1
1368 1
1369 0
1370 0
1371 0
1372 0
1373 1
1374 1
1375 1
1376 0
1377 0
1378 0
1379 1
1380 0
1381 1
1382 1
1383 0
1384 1
1385 1
1386 1
1387 1
1388 0
1389 1
1390 0
1391 1
1392 1
1393 1
1394 0
1395 1
1396 0
1397 0
1398 1
1399 0
1400 1
1401 1
1402 1
1403 0
1404 1
1405 0
1406 1
1407 0
1408 1
1409 0
1410 1
1411 1
1412 1
1413 0
1414 1
1415 1
1416 0
1417 0
1418 0
1419 1
1420 1
1421 1
1422 0
1423 1
1424 0
1425 0
1426 1
1427 0
1428 1
1429 0
1430 1
1431 1
1432 0
1433 0
1434 1
1435 0
1436 1
1437 0
1438 1
1439 0
1440 1
1441 1
1442 1
1443 1
1444 0
1445 1
1446 1
1447 1
1448 0
1449 1
1450 1
1451 1
1452 1
1453 1
1454 0
1455 1
1456 1
1457 0
1458 1
1459 0
1460 1
1461 1
1462 1
1463 1
1464 1
1465 0
1466 1
1467 1
1468 0
1469 1
1470 0
1471 0
1472 1
1473 0
1474 1
1475 1
1476 1
1477 0
1478 1
1479 1
1480 1
1481 0
1482 1
1483 1
1484 0
1485 1
1486 1
1487 0
1488 1
1489 1
1490 1
1491 1
1492 0
1493 1
1494 1
1495 0
1496 1
1497 1
1498 0
1499 1
1500 0
1501 1
1502 1
1503 0
1504 1
1505 1
1506 0
1507 1
1508 1
1509 0
1510 0
1511 1
1512 1
1513 1
1514 0
1515 0
1516 1
1517 0
1518 0
1519 1
1520 0
1521 1
1522 1
1523 1
1524 1
1525 1
1526 1
1527 0
1528 0
1529 0
1530 1
1531 1
1532 1
1533 1
1534 1
1535 1
1536 1
1537 1
1538 1
1539 1
1540 1
1541 0
1542 1
1543 0
1544 1
1545 1
1546 0
1547 1
1548 1
1549 1
1550 1
1551 1
1552 1
1553 0
1554 0
1555 0
1556 0
1557 1
1558 0
1559 1
1560 0
1561 1
1562 1
1563 0
1564 0
1565 0
1566 1
1567 1
1568 0
1569 1
1570 0
1571 1
1572 1
1573 1
1574 0
1575 1
1576 0
1577 0
1578 1
1579 1
1580 0
1581 1
1582 0
1583 1
1584 1
1585 1
1586 0
1587 0
1588 1
1589 1
1590 1
1591 1
1592 1
1593 0
1594 1
1595 1
1596 0
1597 1
1598 1
1599 0
1600 0
1601 0
1602 1
1603 1
1604 1
1605 1
1606 0
1607 1
1608 1
1609 0
1610 1
1611 1
1612 0
1613 0
1614 1
1615 1
1616 1
1617 1
1618 1
1619 1
1620 0
1621 0
1622 1
1623 1
1624 1
1625 1
1626 0
1627 0
1628 1
1629 1
1630 1
1631 1
1632 1
1633 1
1634 1
1635 1
1636 1
1637 1
1638 1
1639 1
1640 1
1641 0
1642 0
1643 0
1644 0
1645 0
1646 1
1647 1
1648 1
1649 0
1650 1
1651 1
1652 1
1653 1
1654 1
1655 1
1656 1
1657 0
1658 0
1659 1
1660 0
1661 1
1662 1
1663 0
1664 1
1665 1
1666 0
1667 0
1668 0
1669 1
1670 0
1671 1
1672 1
1673 0
1674 1
1675 1
1676 1
1677 0
1678 0
1679 0
1680 0
1681 0
1682 0
1683 0
1684 1
1685 1
1686 1
1687 0
1688 1
1689 1
1690 1
1691 1
1692 1
1693 1
1694 1
1695 0
1696 0
1697 1
1698 0
1699 1
1700 0
1701 0
1702 1
1703 1
1704 0
1705 1
1706 0
1707 0
1708 1
1709 1
1710 0
1711 0
1712 1
1713 1
1714 1
1715 1
1716 0
1717 1
1718 1
1719 0
1720 0
1721 0
1722 1
1723 1
1724 0
1725 0
1726 0
1727 1
1728 1
1729 1
1730 1
1731 1
1732 1
1733 0
1734 1
1735 1
1736 1
1737 1
1738 0
1739 0
1740 1
1741 0
1742 1
1743 1
1744 1
1745 0
1746 0
1747 1
1748 1
1749 1
1750 0
1751 1
1752 0
1753 1
1754 1
1755 1
1756 0
1757 1
1758 1
1759 1
1760 1
1761 1
1762 1
1763 1
1764 1
1765 0
1766 0
1767 0
1768 1
1769 0
1770 1
1771 0
1772 1
1773 0
1774 1
1775 1
1776 1
1777 0
1778 1
1779 1
1780 1
1781 0
1782 1
1783 1
1784 0
1785 0
1786 0
1787 0
1788 0
1789 1
1790 1
1791 1
1792 0
1793 1
1794 1
1795 1
1796 1
1797 1
1798 0
1799 1
1800 0
1801 1
1802 1
1803 1
1804 0
1805 1
1806 0
1807 0
1808 1
1809 1
1810 1
1811 0
1812 0
1813 1
1814 0
1815 1
1816 1
1817 1
1818 1
1819 1
1820 1
1821 1
1822 1
1823 0
1824 0
1825 1
1826 0
1827 1
1828 0
1829 0
1830 0
1831 1
1832 0
1833 1
1834 0
1835 1
1836 0
1837 1
1838 0
1839 0
1840 0
1841 1
1842 1
1843 0
1844 0
1845 0
1846 1
1847 0
1848 1
1849 1
1850 1
1851 0
1852 1
1853 0
1854 1
1855 1
1856 0
1857 0
1858 1
1859 1
1860 1
1861 1
1862 1
1863 1
1864 1
1865 1
1866 0
1867 1
1868 0
1869 0
1870 1
1871 0
1872 0
1873 0
1874 1
1875 1
1876 0
1877 1
1878 0
1879 1
1880 1
1881 0
1882 1
1883 0
1884 1
1885 1
1886 0
1887 0
1888 1
1889 0
1890 1
1891 1
1892 0
1893 0
1894 0
1895 0
1896 1
1897 1
1898 1
1899 1
1900 0
1901 1
1902 1
1903 1
1904 1
1905 1
1906 0
1907 1
1908 1
1909 1
1910 1
1911 0
1912 1
1913 0
1914 1
1915 0
1916 0
1917 0
1918 1
1919 1
1920 1
1921 1
1922 1
1923 1
1924 1
1925 1
1926 1
1927 1
1928 1
1929 1
1930 1
1931 0
1932 0
1933 0
1934 1
1935 1
1936 1
1937 1
1938 0
1939 1
1940 1
1941 1
1942 0
1943 1
1944 1
1945 0
1946 1
1947 1
1948 1
1949 0
1950 1
1951 1
1952 0
1953 1
1954 1
1955 1
1956 0
1957 0
1958 1
1959 1
1960 1
1961 1
1962 1
1963 1
1964 1
1965 1
1966 0
1967 1
1968 1
1969 1
1970 1
1971 0
1972 0
1973 1
1974 0
1975 1
1976 0
1977 1
1978 1
1979 1
1980 1
1981 1
1982 1
1983 1
1984 1
1985 1
1986 1
1987 1
1988 1
1989 1
1990 1
1991 0
1992 0
1993 1
1994 0
1995 1
1996 0
1997 0
1998 1
1999 1
2000 0
2001 0
2002 0
2003 1
2004 1
2005 1
2006 1
2007 0
2008 0
2009 1
2010 1
2011 0
2012 1
2013 0
2014 0
2015 1
2016 0
2017 1
2018 1
2019 1
2020 0
2021 1
2022 1
2023 1
2024 0
2025 1
2026 1
2027 1
2028 1
2029 1
2030 0
2031 1
2032 1
2033 0
2034 0
2035 1
2036 1
2037 1
2038 0
2039 0
2040 1
2041 1
2042 1
2043 1
2044 1
2045 1
2046 0
2047 1
2048 0
2049 1
2050 1
2051 1
2052 1
2053 0
2054 1
2055 1
2056 1
2057 1
2058 0
2059 1
2060 1
2061 1
2062 0
2063 1
2064 0
2065 1
2066 0
2067 1
2068 1
2069 1
2070 1
2071 1
2072 1
2073 1
2074 0
2075 0
2076 0
2077 1
2078 1
2079 1
2080 0
2081 0
2082 0
2083 0
2084 1
2085 0
2086 0
2087 1
2088 0
2089 1
2090 1
2091 0
2092 1
2093 1
2094 0
2095 1
2096 0
2097 1
2098 1
2099 1
2100 0
2101 0
2102 0
2103 1
2104 1
2105 0
2106 1
2107 1
2108 0
2109 0
2110 0
2111 0
2112 1
2113 1
2114 1
2115 0
2116 0
2117 1
2118 0
2119 0
2120 0
2121 1
2122 1
2123 1
2124 1
2125 1
2126 1
2127 0
2128 1
2129 1
2130 0
2131 1
2132 1
2133 0
2134 0
2135 1
2136 1
2137 1
2138 0
2139 1
2140 1
2141 1
2142 1
2143 1
2144 1
2145 1
2146 1
2147 1
2148 0
2149 1
2150 0
2151 0
2152 0
2153 0
2154 1
2155 1
2156 1
2157 1
2158 1
2159 1
2160 0
2161 0
2162 1
2163 1
2164 0
2165 0
2166 1
2167 1
2168 1
2169 0
2170 1
2171 1
2172 1
2173 1
2174 1
2175 0
2176 1
2177 1
2178 0
2179 1
2180 0
2181 1
2182 0
2183 1
2184 1
2185 1
2186 1
2187 1
2188 0
2189 0
2190 1
2191 0
2192 1
2193 1
2194 1
2195 0
2196 0
2197 1
2198 1
2199 0
2200 0
2201 1
2202 0
2203 1
2204 1
2205 1
2206 0
2207 1
2208 1
2209 1
2210 1
2211 1
2212 1
2213 1
2214 0
2215 1
2216 1
2217 0
2218 0
2219 1
2220 1
2221 0
2222 0
2223 1
2224 1
2225 1
2226 0
2227 1
2228 0
2229 1
2230 1
2231 1
2232 0
2233 0
2234 1
2235 1
2236 1
2237 1
2238 1
2239 1
2240 0
2241 1
2242 1
2243 1
2244 0
2245 0
2246 1
2247 0
2248 1
2249 1
2250 0
2251 0
2252 0
2253 1
2254 1
2255 1
2256 1
2257 1
2258 0
2259 1
2260 0
2261 0
2262 1
2263 0
2264 1
2265 0
2266 1
2267 0
2268 1
2269 1
2270 0
2271 0
2272 0
2273 1
2274 1
2275 0
2276 1
2277 1
2278 1
2279 1
2280 0
2281 1
2282 1
2283 1
2284 1
2285 0
2286 0
2287 0
2288 1
2289 1
2290 1
2291 1
2292 1
2293 0
2294 0
2295 1
2296 1
2297 1
2298 0
2299 0
2300 1
2301 1
2302 0
2303 1
2304 1
2305 1
2306 0
2307 0
2308 0
2309 0
2310 1
2311 1
2312 1
2313 1
2314 0
2315 1
2316 1
2317 1
2318 0
2319 0
2320 0
2321 1
2322 0
2323 1
2324 0
2325 1
2326 0
2327 0
2328 0
2329 0
2330 0
2331 0
2332 1
2333 1
2334 1
2335 1
2336 1
2337 1
2338 1
2339 1
2340 1
2341 1
2342 1
2343 0
2344 0
2345 0
2346 1
2347 1
2348 0
2349 0
2350 1
2351 1
2352 1
2353 0
2354 0
2355 1
2356 1
2357 1
2358 1
2359 0
2360 0
2361 1
2362 1
2363 0
2364 1
2365 0
2366 0
2367 0
2368 1
2369 0
2370 0
2371 1
2372 1
2373 1
2374 1
2375 1
2376 1
2377 0
2378 1
2379 0
2380 1
2381 1
2382 0
2383 0
2384 0
2385 0
2386 0
2387 1
2388 1
2389 1
2390 1
2391 0
2392 1
2393 0
2394 0
2395 1
2396 0
2397 1
2398 1
2399 0
2400 0
2401 1
2402 1
2403 1
2404 1
2405 0
2406 0
2407 0
2408 1
2409 1
2410 1
2411 1
2412 1
2413 1
2414 0
2415 0
2416 0
2417 1
2418 0
2419 0
2420 0
2421 1
2422 0
2423 0
2424 1
2425 0
2426 1
2427 1
2428 1
2429 0
2430 1
2431 0
2432 1
2433 0
2434 1
2435 0
2436 1
2437 1
2438 1
2439 0
2440 0
2441 0
2442 0
2443 1
2444 1
2445 1
2446 0
2447 0
2448 0
2449 0
2450 1
2451 1
2452 1
2453 1
2454 1
2455 0
2456 1
2457 1
2458 0
2459 1
2460 1
2461 1
2462 1
2463 1
2464 0
2465 1
2466 1
2467 1
2468 0
2469 0
2470 0
2471 0
2472 0
2473 0
2474 1
2475 1
2476 1
2477 0
2478 1
2479 1
2480 1
2481 1
2482 1
2483 1
2484 1
2485 0
2486 1
2487 0
2488 0
2489 1
2490 1
2491 1
2492 0
2493 1
2494 1
2495 1
2496 1
2497 0
2498 0
2499 1
2500 0
2501 1
2502 1
2503 0
2504 0
2505 0
2506 1
2507 1
2508 1
2509 0
2510 1
2511 1
2512 1
2513 1
2514 1
2515 0
2516 0
2517 1
2518 1
2519 0
2520 1
2521 1
2522 0
2523 0
2524 1
2525 1
2526 1
2527 1
2528 0
2529 1
2530 0
2531 1
2532 1
2533 0
2534 1
2535 1
2536 0
2537 0
2538 1
2539 1
2540 1
2541 1
2542 1
2543 1
2544 1
2545 0
2546 1
2547 0
2548 0
2549 1
2550 0
2551 1
2552 1
2553 1
2554 1
2555 1
2556 0
2557 1
2558 1
2559 1
2560 0
2561 1
2562 1
2563 0
2564 0
2565 1
2566 1
2567 0
2568 1
2569 0
2570 1
2571 1
2572 1
2573 0
2574 0
2575 1
2576 1
2577 1
2578 0
2579 0
2580 1
2581 0
2582 0
2583 1
2584 1
2585 1
2586 1
2587 0
2588 1
2589 1
2590 1
2591 0
2592 1
2593 0
2594 0
2595 0
2596 1
2597 1
2598 1
2599 0
2600 1
2601 0
2602 1
2603 1
2604 0
2605 0
2606 1
2607 1
2608 0
2609 1
2610 0
2611 1
2612 1
2613 1
2614 1
2615 0
2616 1
2617 0
2618 1
2619 1
2620 1
2621 0
2622 1
2623 1
2624 1
2625 0
2626 1
2627 1
2628 1
2629 0
2630 1
2631 0
2632 1
2633 0
2634 1
2635 1
2636 0
2637 1
2638 1
2639 1
2640 0
2641 1
2642 1
2643 1
2644 1
2645 0
2646 0
2647 0
2648 0
2649 0
2650 1
2651 1
2652 0
2653 0
2654 1
2655 1
2656 1
2657 0
2658 1
2659 1
2660 0
2661 0
2662 0
2663 1
2664 0
2665 0
2666 1
2667 1
2668 1
2669 1
2670 0
2671 1
2672 0
2673 1
2674 1
2675 1
2676 1
2677 0
2678 1
2679 1
2680 1
2681 1
2682 1
2683 0
2684 1
2685 1
2686 1
2687 0
2688 1
2689 0
2690 1
2691 0
2692 1
2693 0
2694 0
2695 1
2696 0
2697 1
2698 1
2699 0
2700 0
2701 1
2702 0
2703 0
2704 0
2705 1
2706 1
2707 1
2708 1
2709 1
2710 0
2711 1
2712 0
2713 0
2714 1
2715 0
2716 1
2717 0
2718 0
2719 0
2720 0
2721 1
2722 1
2723 1
2724 1
2725 1
2726 0
2727 1
2728 1
2729 0
2730 1
2731 1
2732 0
2733 0
2734 0
2735 1
2736 1
2737 1
2738 1
2739 0
2740 1
2741 0
2742 1
2743 1
2744 1
2745 1
2746 1
2747 1
2748 0
2749 1
2750 1
2751 0
2752 1
2753 1
2754 0
2755 0
2756 1
2757 0
2758 1
2759 1
2760 0
2761 1
2762 1
2763 1
2764 1
2765 0
2766 0
2767 1
2768 0
2769 1
2770 1
2771 1
2772 1
2773 0
2774 0
2775 0
2776 1
2777 1
2778 0
2779 0
2780 0
2781 1
2782 1
2783 1
2784 1
2785 1
2786 1
2787 0
2788 1
2789 1
2790 1
2791 0
2792 0
2793 1
2794 1
2795 1
2796 1
2797 1
2798 1
2799 1
2800 1
2801 1
2802 1
2803 1
2804 1
2805 1
2806 0
2807 1
2808 0
2809 1
2810 0
2811 1
2812 0
2813 1
2814 0
2815 1
2816 1
2817 1
2818 0
2819 0
2820 0
2821 1
2822 1
2823 1
2824 1
2825 1
2826 1
2827 0
2828 1
2829 1
2830 1
2831 1
2832 0
2833 1
2834 0
2835 0
2836 0
2837 1
2838 0
2839 0
2840 1
2841 1
2842 0
2843 0
2844 0
2845 1
2846 1
2847 0
2848 1
2849 1
2850 0
2851 1
2852 0
2853 0
2854 1
2855 1
2856 1
2857 0
2858 1
2859 0
2860 0
2861 1
2862 1
2863 1
2864 1
2865 0
2866 1
2867 1
2868 1
2869 1
2870 0
2871 1
2872 1
2873 1
2874 0
2875 0
2876 1
2877 0
2878 1
2879 1
2880 1
2881 0
2882 0
2883 0
2884 0
2885 1
2886 0
2887 1
2888 1
2889 0
2890 1
2891 0
2892 0
2893 1
2894 1
2895 0
2896 0
2897 1
2898 1
2899 1
2900 1
2901 0
2902 0
2903 1
2904 1
2905 1
2906 1
2907 0
2908 1
2909 0
2910 1
2911 1
2912 0
2913 1
2914 1
2915 0
2916 0
2917 1
2918 0
2919 1
2920 1
2921 1
2922 1
2923 0
2924 1
2925 1
2926 1
2927 0
2928 0
2929 1
2930 1
2931 1
2932 1
2933 1
2934 1
2935 1
2936 0
2937 1
2938 1
2939 1
2940 1
2941 0
2942 0
2943 0
2944 1
2945 1
2946 0
2947 1
2948 1
2949 1
2950 1
2951 0
2952 1
2953 1
2954 1
2955 0
2956 0
2957 0
2958 1
2959 0
2960 1
2961 0
2962 1
2963 0
2964 0
2965 1
2966 0
2967 0
2968 1
2969 1
2970 1
2971 0
2972 1
2973 1
2974 1
2975 0
2976 1
2977 1
2978 1
2979 1
2980 1
2981 1
2982 0
2983 0
2984 1
2985 1
2986 0
2987 1
2988 1
2989 1
2990 1
2991 1
2992 0
2993 0
2994 1
2995 0
2996 1
2997 1
2998 1
2999 1
3000 1
3001 0
3002 0
3003 0
3004 1
3005 1
3006 1
3007 0
3008 1
3009 1
3010 1
3011 1
3012 0
3013 0
3014 1
3015 1
3016 1
3017 1
3018 1
3019 1
3020 1
3021 1
3022 0
3023 0
3024 1
3025 1
3026 1
3027 1
3028 1
3029 0
3030 1
3031 1
3032 1
3033 0
3034 1
3035 1
3036 0
3037 1
3038 1
3039 0
3040 1
3041 1
3042 1
3043 1
3044 1
3045 0
3046 0
3047 0
3048 0
3049 0
3050 0
3051 1
3052 1
3053 1
3054 1
3055 0
3056 1
3057 1
3058 0
3059 0
3060 0
3061 0
3062 1
3063 1
3064 1
3065 1
3066 1
3067 0
3068 1
3069 1
3070 0
3071 0
3072 1
3073 1
3074 1
3075 1
3076 1
3077 1
3078 1
3079 0
3080 1
3081 0
3082 1
3083 1
3084 1
3085 1
3086 1
3087 0
3088 1
3089 1
3090 0
3091 1
3092 1
3093 1
3094 1
3095 1
3096 1
3097 1
3098 1
3099 0
3100 0
3101 1
3102 0
3103 0
3104 0
3105 1
3106 0
3107 0
3108 1
3109 0
3110 1
3111 1
3112 1
3113 1
3114 0
3115 1
3116 1
3117 1
3118 1
3119 1
3120 0
3121 1
3122 1
3123 1
3124 1
3125 0
3126 1
3127 1
3128 0
3129 1
3130 1
3131 0
3132 0
3133 1
3134 1
3135 1
3136 0
3137 1
3138 1
3139 1
3140 1
3141 0
3142 1
3143 1
3144 0
3145 1
3146 1
3147 1
3148 1
3149 0
3150 1
3151 0
3152 1
3153 1
3154 1
3155 1
3156 1
3157 0
3158 0
3159 1
3160 0
3161 1
3162 0
3163 1
3164 1
3165 1
3166 1
3167 0
3168 1
3169 1
3170 1
3171 1
3172 0
3173 1
3174 0
3175 1
3176 1
3177 1
3178 1
3179 0
3180 0
3181 0
3182 1
3183 1
3184 0
3185 0
3186 1
3187 1
3188 1
3189 0
3190 0
3191 0
3192 1
3193 0
3194 1
3195 1
3196 0
3197 0
3198 0
3199 1
3200 0
3201 1
3202 1
3203 1
3204 1
3205 1
3206 0
3207 1
3208 0
3209 1
3210 1
3211 1
3212 1
3213 1
3214 1
3215 0
3216 0
3217 1
3218 1
3219 1
3220 1
3221 0
3222 0
3223 0
3224 1
3225 1
3226 0
3227 1
3228 1
3229 1
3230 0
3231 1
3232 1
3233 1
3234 0
3235 0
3236 0
3237 0
3238 1
3239 1
3240 1
3241 1
3242 1
3243 0
3244 1
3245 1
3246 1
3247 1
3248 1
3249 1
3250 0
3251 0
3252 0
3253 0
3254 1
3255 1
3256 1
3257 0
3258 0
3259 0
3260 1
3261 0
3262 1
3263 1
3264 1
3265 0
3266 1
3267 1
3268 0
3269 0
3270 1
3271 1
3272 1
3273 1
3274 0
3275 1
3276 1
3277 1
3278 1
3279 0
3280 1
3281 0
3282 0
3283 1
3284 1
3285 1
3286 0
3287 1
3288 1
3289 1
3290 1
3291 1
3292 0
3293 1
3294 0
3295 0
3296 0
3297 1
3298 1
3299 0
3300 1
3301 1
3302 1
3303 1
3304 0
3305 1
3306 1
3307 0
3308 1
3309 1
3310 1
3311 1
3312 1
3313 0
3314 1
3315 1
3316 1
3317 1
3318 1
3319 1
3320 1
3321 1
3322 1
3323 0
3324 0
3325 1
3326 1
3327 1
3328 1
3329 1
3330 0
3331 1
3332 1
3333 0
3334 1
3335 1
3336 1
3337 1
3338 0
3339 1
3340 1
3341 0
3342 0
3343 1
3344 0
3345 1
3346 0
3347 1
3348 1
3349 1
3350 1
3351 0
3352 1
3353 1
3354 1
3355 1
3356 0
3357 1
3358 1
3359 1
3360 0
3361 1
3362 0
3363 0
3364 1
3365 0
3366 0
3367 1
3368 1
3369 0
3370 1
3371 0
3372 0
3373 0
3374 1
3375 1
3376 1
3377 0
3378 1
3379 1
3380 1
3381 0
3382 1
3383 0
3384 1
3385 0
3386 1
3387 1
3388 1
3389 1
3390 0
3391 0
3392 1
3393 0
3394 0
3395 0
3396 1
3397 1
3398 0
3399 0
3400 1
3401 1
3402 1
3403 1
3404 0
3405 1
3406 1
3407 1
3408 1
3409 1
3410 1
3411 1
3412 0
3413 1
3414 0
3415 0
3416 1
3417 1
3418 1
3419 1
3420 0
3421 1
3422 1
3423 1
3424 1
3425 1
3426 0
3427 1
3428 1
3429 1
3430 0
3431 0
3432 0
3433 1
3434 0
3435 1
3436 0
3437 1
3438 0
3439 1
3440 0
3441 0
3442 1
3443 0
3444 0
3445 1
3446 1
3447 1
3448 1
3449 1
3450 1
3451 1
3452 1
3453 1
3454 0
3455 0
3456 1
3457 1
3458 0
3459 1
3460 1
3461 1
3462 1
3463 1
3464 0
3465 0
3466 1
3467 1
3468 1
3469 0
3470 0
3471 1
3472 1
3473 1
3474 1
3475 0
3476 0
3477 0
3478 0
3479 1
3480 1
3481 0
3482 1
3483 1
3484 1
3485 0
3486 1
3487 1
3488 1
3489 1
3490 0
3491 1
3492 1
3493 1
3494 0
3495 1
3496 0
3497 1
3498 1
3499 0
3500 1
3501 1
3502 1
3503 1
3504 1
3505 1
3506 1
3507 1
3508 0
3509 1
3510 0
3511 1
3512 1
3513 1
3514 1
3515 1
3516 0
3517 0
3518 0
3519 0
3520 1
3521 1
3522 1
3523 1
3524 1
3525 0
3526 1
3527 1
3528 0
3529 1
3530 0
3531 1
3532 0
3533 1
3534 1
3535 1
3536 1
3537 1
3538 0
3539 0
3540 0
3541 1
3542 1
3543 1
3544 1
3545 1
3546 0
3547 0
3548 0
3549 1
3550 1
3551 0
3552 1
3553 0
3554 1
3555 0
3556 1
3557 0
3558 1
3559 1
3560 1
3561 1
3562 1
3563 0
3564 1
3565 1
3566 0
3567 1
3568 1
3569 0
3570 0
3571 1
3572 0
3573 0
3574 1
3575 1
3576 1
3577 0
3578 1
3579 0
3580 0
3581 1
3582 1
3583 0
3584 1
3585 0
3586 0
3587 1
3588 1
3589 1
3590 1
3591 1
3592 1
3593 1
3594 0
3595 1
3596 1
3597 0
3598 0
3599 0
3600 1
3601 1
3602 1
3603 1
3604 1
3605 1
3606 1
3607 0
3608 0
3609 0
3610 1
3611 1
3612 1
3613 1
3614 0
3615 0
3616 0
3617 1
3618 0
3619 1
3620 0
3621 0
3622 0
3623 1
3624 1
3625 0
3626 1
3627 0
3628 1
3629 1
3630 1
3631 1
3632 1
3633 1
3634 1
3635 0
3636 0
3637 0
3638 0
3639 1
3640 1
3641 1
3642 0
3643 1
3644 1
3645 1
3646 0
3647 0
3648 0
3649 1
3650 1
3651 1
3652 1
3653 1
3654 0
3655 1
3656 1
3657 0
3658 0
3659 0
3660 0
3661 1
3662 1
3663 0
3664 1
3665 0
3666 1
3667 0
3668 0
3669 1
3670 0
3671 0
3672 1
3673 1
3674 0
3675 1
3676 0
3677 0
3678 0
3679 1
3680 1
3681 1
3682 0
3683 1
3684 1
3685 1
3686 1
3687 1
3688 0
3689 0
3690 1
3691 0
3692 0
3693 1
3694 0
3695 1
3696 0
3697 1
3698 0
3699 0
3700 1
3701 1
3702 0
3703 1
3704 1
3705 1
3706 0
3707 0
3708 1
3709 1
3710 1
3711 1
3712 1
3713 1
3714 0
3715 1
3716 1
3717 1
3718 1
3719 0
3720 1
3721 1
3722 1
3723 1
3724 1
3725 1
3726 1
3727 1
3728 1
3729 0
3730 1
3731 1
3732 0
3733 0
3734 1
3735 1
3736 0
3737 1
3738 0
3739 1
3740 1
3741 1
3742 1
3743 0
3744 0
3745 0
3746 1
3747 0
3748 1
3749 0
3750 1
3751 1
3752 0
3753 1
3754 1
3755 0
3756 1
3757 1
3758 1
3759 0
3760 1
3761 0
3762 0
3763 1
3764 1
3765 1
3766 1
3767 0
3768 1
3769 1
3770 1
3771 1
3772 0
3773 0
3774 1
3775 0
3776 1
3777 1
3778 1
3779 1
3780 1
3781 0
3782 0
3783 1
3784 0
3785 0
3786 1
3787 0
3788 0
3789 0
3790 1
3791 1
3792 0
3793 1
3794 1
3795 0
3796 1
3797 1
3798 1
3799 0
3800 0
3801 0
3802 1
3803 0
3804 1
3805 1
3806 0
3807 0
3808 0
3809 1
3810 0
3811 1
3812 0
3813 1
3814 0
3815 1
3816 1
3817 0
3818 1
3819 1
3820 0
3821 0
3822 0
3823 1
3824 1
3825 1
3826 1
3827 0
3828 0
3829 1
3830 1
3831 1
3832 1
3833 0
3834 0
3835 1
3836 1
3837 0
3838 1
3839 0
3840 1
3841 1
3842 1
3843 1
3844 1
3845 0
3846 1
3847 1
3848 0
3849 0
3850 0
3851 1
3852 0
3853 1
3854 1
3855 0
3856 0
3857 0
3858 1
3859 1
3860 1
3861 0
3862 0
3863 1
3864 0
3865 1
3866 1
3867 1
3868 1
3869 1
3870 0
3871 0
3872 0
3873 0
3874 0
3875 1
3876 1
3877 1
3878 0
3879 0
3880 1
3881 1
3882 1
3883 0
3884 0
3885 0
3886 0
3887 0
3888 0
3889 0
3890 1
3891 0
3892 1
3893 1
3894 1
3895 0
3896 1
3897 1
3898 0
3899 1
3900 1
3901 0
3902 1
3903 0
3904 1
3905 1
3906 1
3907 1
3908 1
3909 1
3910 1
3911 1
3912 1
3913 1
3914 0
3915 1
3916 1
3917 1
3918 0
3919 1
3920 1
3921 1
3922 0
3923 0
3924 0
3925 1
3926 1
3927 1
3928 0
3929 1
3930 1
3931 1
3932 1
3933 0
3934 1
3935 1
3936 1
3937 0
3938 1
3939 0
3940 1
3941 1
3942 1
3943 0
3944 1
3945 1
3946 0
3947 1
3948 1
3949 0
3950 0
3951 0
3952 0
3953 0
3954 1
3955 1
3956 1
3957 1
3958 1
3959 1
3960 1
3961 1
3962 0
3963 0
3964 1
3965 0
3966 1
3967 1
3968 0
3969 0
3970 1
3971 0
3972 1
3973 1
3974 1
3975 1
3976 1
3977 1
3978 0
3979 0
3980 1
3981 1
3982 1
3983 1
3984 1
3985 0
3986 1
3987 0
3988 1
3989 1
3990 0
3991 1
3992 0
3993 0
3994 1
3995 1
3996 0
3997 0
3998 0
3999 1
4000 0
4001 1
4002 1
4003 0
4004 1
4005 1
4006 0
4007 1
4008 1
4009 1
4010 1
4011 0
4012 0
4013 1
4014 0
4015 0
4016 0
4017 0
4018 1
4019 0
4020 1
4021 1
4022 1
4023 1
4024 1
4025 1
4026 1
4027 1
4028 0
4029 1
4030 0
4031 1
4032 0
4033 0
4034 1
4035 1
4036 1
4037 1
4038 1
4039 0
4040 1
4041 1
4042 0
4043 1
4044 1
4045 0
4046 0
4047 0
4048 1
4049 0
4050 0
4051 0
4052 1
4053 1
4054 1
4055 0
4056 1
4057 0
4058 1
4059 0
4060 1
4061 0
4062 0
4063 1
4064 0
4065 1
4066 1
4067 1
4068 1
4069 1
4070 1
4071 1
4072 0
4073 0
4074 1
4075 1
4076 0
4077 0
4078 0
4079 1
4080 0
4081 0
4082 1
4083 1
4084 1
4085 1
4086 1
4087 1
4088 0
4089 1
4090 1
4091 1
4092 1
4093 1
4094 1
4095 0
4096 0
4097 1
4098 1
4099 1
4100 0
4101 0
4102 0
4103 1
4104 0
4105 1
4106 1
4107 1
4108 0
4109 0
4110 1
4111 0
4112 0
4113 1
4114 1
4115 1
4116 1
4117 0
4118 1
4119 0
4120 0
4121 1
4122 1
4123 0
4124 1
4125 1
4126 0
4127 1
4128 1
4129 0
4130 0
4131 1
4132 0
4133 0
4134 1
4135 0
4136 1
4137 1
4138 1
4139 1
4140 1
4141 1
4142 0
4143 0
4144 0
4145 0
4146 1
4147 0
4148 1
4149 0
4150 1
4151 1
4152 0
4153 1
4154 0
4155 1
4156 0
4157 1
4158 0
4159 1
4160 0
4161 0
4162 1
4163 1
4164 1
4165 0
4166 1
4167 0
4168 0
4169 1
4170 1
4171 1
4172 1
4173 0
4174 0
4175 1
4176 0
4177 1
4178 0
4179 1
4180 0
4181 1
4182 0
4183 1
4184 1
4185 1
4186 1
4187 0
4188 1
4189 1
4190 0
4191 1
4192 1
4193 1
4194 1
4195 1
4196 1
4197 1
4198 1
4199 1
4200 1
4201 0
4202 1
4203 0
4204 1
4205 0
4206 0
4207 1
4208 0
4209 1
4210 1
4211 1
4212 1
4213 0
4214 1
4215 1
4216 1
4217 1
4218 0
4219 0
4220 1
4221 0
4222 1
4223 1
4224 1
4225 1
4226 1
4227 1
4228 1
4229 1
4230 0
4231 1
4232 0
4233 1
4234 1
4235 1
4236 1
4237 0
4238 0
4239 1
4240 0
4241 0
4242 1
4243 1
4244 0
4245 0
4246 1
4247 0
4248 1
4249 0
4250 0
4251 1
4252 1
4253 1
4254 0
4255 1
4256 0
4257 0
4258 0
4259 1
4260 0
4261 1
4262 0
4263 0
4264 0
4265 1
4266 1
4267 0
4268 1
4269 1
4270 1
4271 0
4272 0
4273 0
4274 0
4275 1
4276 0
4277 1
4278 1
4279 1
4280 1
4281 0
4282 1
4283 1
4284 1
4285 0
4286 1
4287 1
4288 0
4289 1
4290 0
4291 1
4292 0
4293 0
4294 1
4295 0
4296 1
4297 1
4298 1
4299 1
4300 1
4301 1
4302 1
4303 1
4304 1
4305 0
4306 0
4307 1
4308 0
4309 1
4310 0
4311 0
4312 1
4313 1
4314 1
4315 1
4316 0
4317 1
4318 1
4319 0
4320 0
4321 0
4322 1
4323 1
4324 1
4325 0
4326 0
4327 1
4328 1
4329 1
4330 1
4331 1
4332 0
4333 1
4334 1
4335 1
4336 1
4337 0
4338 1
4339 0
4340 1
4341 1
4342 0
4343 0
4344 1
4345 1
4346 0
4347 1
4348 0
4349 1
4350 1
4351 1
4352 0
4353 0
4354 1
4355 1
4356 1
4357 1
4358 0
4359 1
4360 1
4361 1
4362 0
4363 1
4364 1
4365 1
4366 1
4367 1
4368 1
4369 1
4370 1
4371 1
4372 1
4373 1
4374 0
4375 1
4376 1
4377 1
4378 1
4379 0
4380 1
4381 0
4382 1
4383 1
4384 0
4385 0
4386 1
4387 1
4388 1
4389 0
4390 0
4391 1
4392 0
4393 1
4394 0
4395 1
4396 1
4397 1
4398 1
4399 1
4400 1
4401 1
4402 1
4403 0
4404 1
4405 1
4406 1
4407 1
4408 1
4409 1
4410 0
4411 0
4412 1
4413 1
4414 1
4415 0
4416 0
4417 1
4418 1
4419 0
4420 1
4421 1
4422 1
4423 1
4424 1
4425 1
4426 1
4427 1
4428 1
4429 1
4430 0
4431 1
4432 1
4433 1
4434 0
4435 1
4436 1
4437 1
4438 1
4439 0
4440 1
4441 0
4442 1
4443 1
4444 1
4445 1
4446 0
4447 1
4448 1
4449 0
4450 1
4451 1
4452 1
4453 0
4454 1
4455 1
4456 1
4457 1
4458 0
4459 0
4460 1
4461 1
4462 0
4463 0
4464 1
4465 1
4466 1
4467 1
4468 0
4469 1
4470 0
4471 1
4472 1
4473 1
4474 1
4475 1
4476 1
4477 0
4478 0
4479 1
4480 0
4481 1
4482 1
4483 0
4484 0
4485 1
4486 1
4487 0
4488 0
4489 0
4490 0
4491 1
4492 1
4493 0
4494 1
4495 0
4496 0
4497 1
4498 1
4499 1
4500 1
4501 1
4502 0
4503 0
4504 1
4505 1
4506 0
4507 0
4508 1
4509 1
4510 1
4511 1
4512 1
4513 1
4514 1
4515 1
4516 1
4517 0
4518 0
4519 1
4520 1
4521 1
4522 1
4523 1
4524 1
4525 1
4526 1
4527 1
4528 0
4529 1
4530 1
4531 1
4532 1
4533 0
4534 0
4535 1
4536 0
4537 1
4538 1
4539 0
4540 1
4541 0
4542 0
4543 1
4544 1
4545 1
4546 1
4547 1
4548 0
4549 1
4550 1
4551 0
4552 0
4553 1
4554 0
4555 1
4556 1
4557 1
4558 1
4559 0
4560 0
4561 0
4562 0
4563 0
4564 0
4565 1
4566 1
4567 1
4568 0
4569 0
4570 0
4571 1
4572 1
4573 1
4574 0
4575 0
4576 1
4577 0
4578 0
4579 1
4580 1
4581 1
4582 0
4583 1
4584 0
4585 1
4586 1
4587 0
4588 1
4589 1
4590 1
4591 1
4592 1
4593 1
4594 0
4595 1
4596 0
4597 1
4598 1
4599 1
4600 1
4601 1
4602 1
4603 0
4604 1
4605 0
4606 0
4607 0
4608 1
4609 1
4610 1
4611 0
4612 1
4613 0
4614 1
4615 1
4616 1
4617 0
4618 1
4619 1
4620 1
4621 0
4622 0
4623 1
4624 0
4625 1
4626 0
4627 0
4628 0
4629 1
4630 0
4631 1
4632 0
4633 1
4634 1
4635 0
4636 0
4637 0
4638 0
4639 0
4640 1
4641 1
4642 0
4643 0
4644 0
4645 0
4646 1
4647 1
4648 1
4649 1
4650 1
4651 1
4652 0
4653 1
4654 1
4655 1
4656 0
4657 1
4658 0
4659 1
4660 0
4661 1
4662 1
4663 1
4664 1
4665 0
4666 1
4667 1
4668 0
4669 0
4670 1
4671 0
4672 0
4673 0
4674 1
4675 0
4676 1
4677 1
4678 0
4679 1
4680 1
4681 0
4682 1
4683 0
4684 1
4685 1
4686 1
4687 0
4688 1
4689 1
4690 1
4691 1
4692 1
4693 1
4694 1
4695 0
4696 1
4697 0
4698 0
4699 1
4700 0
4701 0
4702 1
4703 1
4704 1
4705 1
4706 0
4707 1
4708 0
4709 1
4710 1
4711 0
4712 1
4713 1
4714 0
4715 1
4716 0
4717 1
4718 1
4719 1
4720 0
4721 0
4722 1
4723 0
4724 1
4725 0
4726 1
4727 1
4728 1
4729 1
4730 1
4731 1
4732 1
4733 1
4734 1
4735 1
4736 1
4737 1
4738 1
4739 0
4740 1
4741 0
4742 1
4743 1
4744 0
4745 1
4746 0
4747 1
4748 1
4749 1
4750 1
4751 1
4752 1
4753 1
4754 1
4755 1
4756 0
4757 0
4758 1
4759 1
4760 1
4761 1
4762 0
4763 0
4764 1
4765 0
4766 0
4767 1
4768 0
4769 0
4770 1
4771 0
4772 1
4773 1
4774 0
4775 1
4776 1
4777 1
4778 0
4779 0
4780 1
4781 0
4782 0
4783 1
4784 0
4785 0
4786 0
4787 1
4788 1
4789 1
4790 0
4791 1
4792 1
4793 1
4794 0
4795 1
4796 1
4797 1
4798 0
4799 1
4800 1
4801 0
4802 0
4803 1
4804 0
4805 0
4806 1
4807 1
4808 0
4809 0
4810 1
4811 1
4812 1
4813 1
4814 1
4815 0
4816 1
4817 1
4818 1
4819 1
4820 0
4821 1
4822 1
4823 1
4824 1
4825 1
4826 1
4827 0
4828 0
4829 1
4830 0
4831 1
4832 1
4833 1
4834 1
4835 0
4836 1
4837 1
4838 1
4839 0
4840 0
4841 1
4842 0
4843 1
4844 0
4845 1
4846 1
4847 1
4848 0
4849 0
4850 1
4851 1
4852 1
4853 1
4854 1
4855 1
4856 1
4857 1
4858 0
4859 1
4860 1
4861 1
4862 1
4863 1
4864 1
4865 0
4866 0
4867 1
4868 0
4869 1
4870 0
4871 0
4872 1
4873 1
4874 0
4875 1
4876 0
4877 1
4878 0
4879 0
4880 0
4881 0
4882 1
4883 1
4884 1
4885 0
4886 1
4887 0
4888 0
4889 1
4890 0
4891 0
4892 0
4893 0
4894 0
4895 1
4896 1
4897 0
4898 1
4899 0
4900 1
4901 1
4902 1
4903 1
4904 0
4905 1
4906 1
4907 0
4908 1
4909 1
4910 1
4911 1
4912 0
4913 1
4914 0
4915 1
4916 1
4917 1
4918 1
4919 0
4920 0
4921 1
4922 0
4923 1
4924 1
4925 1
4926 1
4927 1
4928 1
4929 0
4930 0
4931 0
4932 0
4933 0
4934 1
4935 0
4936 1
4937 1
4938 1
4939 1
4940 1
4941 0
4942 1
4943 0
4944 0
4945 1
4946 1
4947 0
4948 1
4949 1
4950 0
4951 0
4952 1
4953 1
4954 0
4955 1
4956 1
4957 0
4958 1
4959 1
4960 1
4961 1
4962 0
4963 1
4964 0
4965 1
4966 1
4967 1
4968 1
4969 0
4970 1
4971 0
4972 1
4973 1
4974 0
4975 0
4976 1
4977 1
4978 0
4979 0
4980 1
4981 0
4982 1
4983 1
4984 0
4985 0
4986 1
4987 1
4988 1
4989 0
4990 1
4991 0
4992 1
4993 1
4994 1
4995 0
4996 1
4997 1
4998 1
4999 1
5000 0
5001 1
5002 1
5003 1
5004 0
5005 0
5006 1
5007 1
5008 1
5009 1
5010 0
5011 1
5012 0
5013 0
5014 0
5015 1
5016 0
5017 0
5018 1
5019 1
5020 1
5021 1
5022 1
5023 0
5024 1
5025 1
5026 0
5027 1
5028 0
5029 0
5030 1
5031 0
5032 1
5033 0
5034 0
5035 0
5036 1
5037 1
5038 1
5039 1
5040 1
5041 0
5042 1
5043 0
5044 1
5045 1
5046 1
5047 1
5048 1
5049 1
5050 0
5051 1
5052 1
5053 0
5054 0
5055 1
5056 1
5057 1
5058 1
5059 1
5060 1
5061 1
5062 0
5063 1
5064 1
5065 0
5066 1
5067 1
5068 0
5069 0
5070 1
5071 1
5072 0
5073 1
5074 0
5075 1
5076 0
5077 0
5078 1
5079 1
5080 0
5081 1
5082 0
5083 0
5084 1
5085 1
5086 1
5087 0
5088 1
5089 1
5090 1
5091 1
5092 1
5093 1
5094 0
5095 0
5096 1
5097 1
5098 0
5099 1
5100 1
5101 1
5102 1
5103 1
5104 0
5105 0
5106 0
5107 1
5108 1
5109 0
5110 0
5111 0
5112 1
5113 0
5114 0
5115 1
5116 0
5117 1
5118 1
5119 0
5120 0
5121 0
5122 0
5123 0
5124 1
5125 0
5126 1
5127 0
5128 1
5129 1
5130 1
5131 0
5132 1
5133 1
5134 0
5135 1
5136 0
5137 1
5138 1
5139 1
5140 1
5141 1
5142 0
5143 0
5144 1
5145 1
5146 0
5147 1
5148 0
5149 0
5150 1
5151 1
5152 1
5153 1
5154 1
5155 0
5156 1
5157 0
5158 1
5159 1
5160 0
5161 1
5162 1
5163 1
5164 0
5165 1
5166 1
5167 0
5168 1
5169 0
5170 0
5171 1
5172 1
5173 1
5174 1
5175 0
5176 0
5177 1
5178 0
5179 1
5180 0
5181 0
5182 1
5183 1
5184 0
5185 0
5186 0
5187 0
5188 0
5189 1
5190 0
5191 0
5192 1
5193 0
5194 1
5195 1
5196 0
5197 0
5198 0
5199 0
5200 1
5201 1
5202 0
5203 1
5204 0
5205 1
5206 1
5207 0
5208 1
5209 0
5210 1
5211 0
5212 0
5213 1
5214 1
5215 1
5216 0
5217 1
5218 1
5219 1
5220 0
5221 1
5222 0
5223 1
5224 1
5225 1
5226 0
5227 1
5228 0
5229 1
5230 1
5231 0
5232 1
5233 0
5234 0
5235 1
5236 1
5237 1
5238 0
5239 0
5240 0
5241 1
5242 0
5243 1
5244 1
5245 1
5246 1
5247 0
5248 1
5249 1
5250 1
5251 0
5252 1
5253 1
5254 1
5255 0
5256 1
5257 0
5258 0
5259 1
5260 0
5261 0
5262 1
5263 0
5264 1
5265 0
5266 1
5267 1
5268 1
5269 0
5270 1
5271 1
5272 1
5273 1
5274 1
5275 0
5276 1
5277 1
5278 1
5279 0
5280 0
5281 0
5282 0
5283 1
5284 0
5285 1
5286 1
5287 1
5288 0
5289 0
5290 0
5291 1
5292 1
5293 1
5294 0
5295 1
5296 0
5297 1
5298 0
5299 1
5300 0
5301 1
5302 1
5303 0
5304 1
5305 0
5306 0
5307 1
5308 1
5309 0
5310 1
5311 1
5312 0
5313 0
5314 1
5315 0
5316 1
5317 0
5318 1
5319 1
5320 1
5321 0
5322 1
5323 1
5324 1
5325 1
5326 1
5327 1
5328 1
5329 1
5330 0
5331 1
5332 1
5333 0
5334 1
5335 1
5336 1
5337 1
5338 1
5339 1
5340 1
5341 0
5342 0
5343 1
5344 1
5345 1
5346 1
5347 0
5348 1
5349 1
5350 1
5351 0
5352 1
5353 0
5354 0
5355 0
5356 0
5357 1
5358 1
5359 0
5360 1
5361 1
5362 0
5363 0
5364 1
5365 1
5366 1
5367 0
5368 1
5369 0
5370 0
5371 1
5372 0
5373 1
5374 1
5375 1
5376 0
5377 0
5378 0
5379 1
5380 1
5381 0
5382 0
5383 1
5384 0
5385 0
5386 0
5387 0
5388 1
5389 1
5390 1
5391 1
5392 1
5393 1
5394 0
5395 1
5396 0
5397 0
5398 1
5399 1
5400 0
5401 1
5402 1
5403 0
5404 1
5405 1
5406 0
5407 0
5408 1
5409 1
5410 0
5411 1
5412 1
5413 0
5414 1
5415 0
5416 0
5417 0
5418 1
5419 1
5420 1
5421 1
5422 0
5423 0
5424 1
5425 1
5426 1
5427 1
5428 1
5429 0
5430 1
5431 1
5432 1
5433 1
5434 0
5435 0
5436 1
5437 1
5438 0
5439 1
5440 0
5441 0
5442 0
5443 1
5444 1
5445 0
5446 1
5447 1
5448 0
5449 1
5450 1
5451 0
5452 1
5453 0
5454 0
5455 0
5456 0
5457 1
5458 1
5459 1
5460 0
5461 0
5462 1
5463 1
5464 1
5465 1
5466 0
5467 0
5468 1
5469 1
5470 1
5471 1
5472 1
5473 0
5474 0
5475 0
5476 0
5477 0
5478 1
5479 1
5480 1
5481 0
5482 1
5483 0
5484 1
5485 1
5486 0
5487 1
5488 0
5489 0
5490 0
5491 0
5492 1
5493 0
5494 1
5495 0
5496 1
5497 0
5498 1
5499 0
5500 1
5501 1
5502 1
5503 0
5504 1
5505 0
5506 1
5507 1
5508 0
5509 0
5510 1
5511 1
5512 1
5513 0
5514 0
5515 1
5516 1
5517 1
5518 1
5519 1
5520 0
5521 1
5522 0
5523 0
5524 1
5525 1
5526 1
5527 1
5528 1
5529 1
5530 0
5531 0
5532 1
5533 1
5534 1
5535 1
5536 1
5537 0
5538 1
5539 1
5540 1
5541 1
5542 1
5543 0
5544 1
5545 1
5546 1
5547 0
5548 1
5549 0
5550 1
5551 1
5552 0
5553 1
5554 1
5555 1
5556 1
5557 1
5558 1
5559 1
5560 1
5561 0
5562 0
5563 1
5564 1
5565 0
5566 0
5567 1
5568 1
5569 1
5570 1
5571 1
5572 0
5573 1
5574 1
5575 0
5576 1
5577 0
5578 1
5579 1
5580 1
5581 0
5582 0
5583 1
5584 1
5585 0
5586 0
5587 1
5588 0
5589 1
5590 1
5591 0
5592 1
5593 0
5594 0
5595 1
5596 1
5597 0
5598 1
5599 1
5600 1
5601 1
5602 1
5603 1
5604 0
5605 0
5606 0
5607 0
5608 0
5609 1
5610 1
5611 0
5612 1
5613 0
5614 1
5615 1
5616 0
5617 1
5618 0
5619 0
5620 1
5621 0
5622 0
5623 0
5624 1
5625 1
5626 0
5627 0
5628 1
5629 1
5630 0
5631 0
5632 0
5633 1
5634 1
5635 0
5636 0
5637 1
5638 0
5639 1
5640 1
5641 1
5642 1
5643 0
5644 1
5645 0
5646 1
5647 1
5648 1
5649 1
5650 0
5651 1
5652 1
5653 0
5654 0
5655 1
5656 0
5657 1
5658 1
5659 0
5660 1
5661 1
5662 0
5663 0
5664 1
5665 0
5666 1
5667 0
5668 1
5669 1
5670 1
5671 0
5672 1
5673 1
5674 1
5675 0
5676 1
5677 1
5678 1
5679 1
5680 1
5681 1
5682 1
5683 1
5684 1
5685 1
5686 1
5687 1
5688 1
5689 1
5690 1
5691 0
5692 0
5693 0
5694 1
5695 0
5696 0
5697 1
5698 1
5699 0
5700 1
5701 0
5702 1
5703 1
5704 1
5705 1
5706 0
5707 0
5708 1
5709 0
5710 0
5711 1
5712 1
5713 1
5714 1
5715 0
5716 1
5717 1
5718 1
5719 1
5720 1
5721 0
5722 1
5723 0
5724 0
5725 1
5726 1
5727 0
5728 0
5729 1
5730 1
5731 0
5732 0
5733 1
5734 0
5735 1
5736 1
5737 0
5738 0
5739 1
5740 1
5741 1
5742 1
5743 1
5744 1
5745 1
5746 1
5747 1
5748 1
5749 0
5750 1
5751 1
5752 1
5753 0
5754 1
5755 0
5756 1
5757 1
5758 1
5759 0
5760 1
5761 0
5762 1
5763 0
5764 0
5765 1
5766 1
5767 0
5768 1
5769 1
5770 0
5771 0
5772 0
5773 1
5774 0
5775 1
5776 1
5777 0
5778 1
5779 0
5780 0
5781 1
5782 1
5783 1
5784 1
5785 1
5786 1
5787 1
5788 1
5789 0
5790 1
5791 1
5792 1
5793 1
5794 1
5795 0
5796 0
5797 1
5798 1
5799 1
5800 1
5801 1
5802 0
5803 0
5804 1
5805 1
5806 1
5807 1
5808 0
5809 1
5810 1
5811 1
5812 1
5813 1
5814 1
5815 1
5816 1
5817 0
5818 1
5819 1
5820 0
5821 1
5822 0
5823 1
5824 1
5825 1
5826 0
5827 0
5828 0
5829 0
5830 1
5831 1
5832 0
5833 1
5834 1
5835 1
5836 1
5837 0
5838 0
5839 1
5840 1
5841 1
5842 1
5843 1
5844 1
5845 0
5846 1
5847 1
5848 0
5849 1
5850 1
5851 1
5852 0
5853 1
5854 0
5855 0
5856 1
5857 1
5858 0
5859 0
5860 0
5861 1
5862 1
5863 1
5864 1
5865 1
5866 0
5867 1
5868 1
5869 1
5870 1
5871 0
5872 1
5873 1
5874 1
5875 0
5876 1
5877 1
5878 0
5879 0
5880 0
5881 1
5882 1
5883 1
5884 1
5885 1
5886 1
5887 1
5888 1
5889 1
5890 0
5891 1
5892 0
5893 0
5894 1
5895 1
5896 1
5897 0
5898 1
5899 1
5900 0
5901 1
5902 0
5903 0
5904 1
5905 1
5906 0
5907 1
5908 1
5909 0
5910 1
5911 0
5912 0
5913 0
5914 0
5915 0
5916 0
5917 0
5918 1
5919 0
5920 0
5921 1
5922 1
5923 0
5924 0
5925 0
5926 1
5927 1
5928 0
5929 1
5930 1
5931 1
5932 0
5933 1
5934 1
5935 0
5936 0
5937 1
5938 1
5939 1
5940 1
5941 1
5942 1
5943 1
5944 0
5945 0
5946 0
5947 0
5948 1
5949 1
5950 0
5951 0
5952 1
5953 1
5954 1
5955 0
5956 1
5957 1
5958 1
5959 1
5960 0
5961 1
5962 1
5963 1
5964 0
5965 1
5966 0
5967 1
5968 0
5969 1
5970 1
5971 0
5972 1
5973 1
5974 0
5975 1
5976 1
5977 1
5978 1
5979 1
5980 1
5981 0
5982 1
5983 0
5984 1
5985 1
5986 0
5987 1
5988 0
5989 1
5990 0
5991 0
5992 0
5993 0
5994 0
5995 1
5996 0
5997 1
5998 1
5999 1
6000 1
6001 1
6002 0
6003 1
6004 1
6005 0
6006 1
6007 1
6008 1
6009 1
6010 1
6011 0
6012 1
6013 0
6014 0
6015 1
6016 1
6017 0
6018 1
6019 1
6020 0
6021 1
6022 1
6023 0
6024 1
6025 1
6026 1
6027 0
6028 1
6029 1
6030 1
6031 0
6032 0
6033 0
6034 0
6035 0
6036 0
6037 0
6038 0
6039 1
6040 1
6041 1
6042 1
6043 1
6044 0
6045 1
6046 1
6047 0
6048 1
6049 1
6050 1
6051 0
6052 0
6053 0
6054 1
6055 0
6056 0
6057 0
6058 1
6059 0
6060 1
6061 1
6062 1
6063 1
6064 1
6065 0
6066 1
6067 0
6068 1
6069 0
6070 0
6071 1
6072 1
6073 0
6074 1
6075 0
6076 0
6077 1
6078 1
6079 1
6080 1
6081 0
6082 0
6083 1
6084 1
6085 1
6086 0
6087 1
6088 1
6089 1
6090 0
6091 0
6092 1
6093 0
6094 1
6095 1
6096 0
6097 1
6098 0
6099 1
6100 1
6101 1
6102 0
6103 1
6104 1
6105 0
6106 1
6107 0
6108 0
6109 1
6110 0
6111 0
6112 1
6113 1
6114 1
6115 1
6116 1
6117 1
6118 1
6119 1
6120 1
6121 1
6122 0
6123 1
6124 1
6125 1
6126 1
6127 0
6128 1
6129 0
6130 0
6131 1
6132 0
6133 0
6134 1
6135 0
6136 1
6137 0
6138 1
6139 1
6140 0
6141 0
6142 0
6143 1
6144 0
6145 0
6146 0
6147 0
6148 0
6149 0
6150 0
6151 1
6152 0
6153 1
6154 0
6155 1
6156 1
6157 1
6158 0
6159 1
6160 1
6161 0
6162 1
6163 1
6164 0
6165 0
6166 0
6167 1
6168 0
6169 0
6170 0
6171 1
6172 1
6173 1
6174 1
6175 0
6176 0
6177 1
6178 1
6179 0
6180 0
6181 0
6182 1
6183 1
6184 1
6185 1
6186 1
6187 0
6188 1
6189 1
6190 1
6191 0
6192 0
6193 0
6194 0
6195 0
6196 0
6197 0
6198 1
6199 1
6200 1
6201 1
6202 1
6203 0
6204 0
6205 0
6206 1
6207 1
6208 1
6209 1
6210 0
6211 0
6212 1
6213 0
6214 0
6215 0
6216 1
6217 1
6218 1
6219 1
6220 1
6221 1
6222 1
6223 0
6224 0
6225 0
6226 1
6227 1
6228 0
6229 0
6230 1
6231 0
6232 1
6233 1
6234 1
6235 0
6236 1
6237 1
6238 1
6239 0
6240 1
6241 0
6242 1
6243 1
6244 1
6245 1
6246 0
6247 0
6248 0
6249 0
6250 1
6251 1
6252 0
6253 1
6254 0
6255 1
6256 0
6257 1
6258 1
6259 1
6260 0
6261 0
6262 1
6263 1
6264 1
6265 1
6266 1
6267 0
6268 0
6269 1
6270 1
6271 0
6272 0
6273 1
6274 0
6275 0
6276 1
6277 1
6278 1
6279 1
6280 1
6281 1
6282 1
6283 1
6284 0
6285 0
6286 0
6287 1
6288 1
6289 1
6290 0
6291 0
6292 0
6293 0
6294 0
6295 0
6296 0
6297 1
6298 1
6299 1
6300 1
6301 1
6302 1
6303 1
6304 0
6305 1
6306 1
6307 1
6308 1
6309 1
6310 1
6311 0
6312 1
6313 1
6314 1
6315 0
6316 0
6317 1
6318 1
6319 0
6320 1
6321 1
6322 1
6323 0
6324 1
6325 1
6326 0
6327 0
6328 1
6329 1
6330 1
6331 1
6332 1
6333 1
6334 0
6335 0
6336 1
6337 1
6338 1
6339 0
6340 0
6341 1
6342 1
6343 1
6344 1
6345 0
6346 1
6347 1
6348 1
6349 0
6350 0
6351 0
6352 1
6353 1
6354 0
6355 1
6356 1
6357 1
6358 1
6359 0
6360 1
6361 1
6362 1
6363 0
6364 1
6365 0
6366 1
6367 1
6368 1
6369 1
6370 1
6371 1
6372 0
6373 0
6374 0
6375 0
6376 1
6377 0
6378 1
6379 1
6380 0
6381 1
6382 0
6383 0
6384 1
6385 1
6386 0
6387 0
6388 1
6389 1
6390 1
6391 1
6392 1
6393 1
6394 0
6395 0
6396 0
6397 1
6398 1
6399 1
6400 1
6401 1
6402 1
6403 1
6404 1
6405 1
6406 1
6407 1
6408 1
6409 1
6410 0
6411 0
6412 0
6413 1
6414 0
6415 1
6416 1
6417 0
6418 0
6419 1
6420 1
6421 1
6422 0
6423 1
6424 1
6425 0
6426 0
6427 1
6428 1
6429 0
6430 0
6431 1
6432 1
6433 0
6434 1
6435 1
6436 0
6437 0
6438 1
6439 1
6440 0
6441 0
6442 1
6443 1
6444 1
6445 1
6446 0
6447 1
6448 0
6449 0
6450 1
6451 0
6452 1
6453 1
6454 0
6455 0
6456 1
6457 0
6458 1
6459 1
6460 0
6461 0
6462 1
6463 1
6464 1
6465 1
6466 1
6467 0
6468 1
6469 1
6470 1
6471 0
6472 0
6473 0
6474 0
6475 0
6476 0
6477 0
6478 1
6479 0
6480 1
6481 0
6482 1
6483 1
6484 1
6485 1
6486 0
6487 1
6488 1
6489 1
6490 1
6491 0
6492 1
6493 0
6494 0
6495 1
6496 1
6497 0
6498 0
6499 1
6500 1
6501 1
6502 1
6503 1
6504 0
6505 0
6506 1
6507 0
6508 0
6509 1
6510 1
6511 0
6512 1
6513 0
6514 1
6515 1
6516 1
6517 0
6518 1
6519 0
6520 1
6521 1
6522 1
6523 1
6524 0
6525 1
6526 1
6527 0
6528 1
6529 1
6530 0
6531 1
6532 1
6533 1
6534 0
6535 1
6536 1
6537 1
6538 1
6539 0
6540 1
6541 0
6542 0
6543 1
6544 0
6545 1
6546 0
6547 1
6548 0
6549 0
6550 1
6551 0
6552 1
6553 0
6554 0
6555 1
6556 1
6557 0
6558 1
6559 0
6560 1
6561 0
6562 1
6563 0
6564 1
6565 1
6566 0
6567 1
6568 1
6569 1
6570 0
6571 1
6572 1
6573 0
6574 0
6575 1
6576 1
6577 1
6578 1
6579 1
6580 1
6581 1
6582 1
6583 1
6584 0
6585 1
6586 1
6587 1
6588 0
6589 0
6590 1
6591 0
6592 1
6593 1
6594 0
6595 0
6596 0
6597 1
6598 0
6599 0
6600 0
6601 1
6602 1
6603 1
6604 0
6605 1
6606 1
6607 0
6608 1
6609 1
6610 1
6611 0
6612 1
6613 0
6614 1
6615 1
6616 1
6617 1
6618 0
6619 1
6620 1
6621 1
6622 0
6623 0
6624 1
6625 1
6626 1
6627 0
6628 1
6629 0
6630 1
6631 1
6632 0
6633 1
6634 1
6635 1
6636 1
6637 0
6638 1
6639 0
6640 0
6641 1
6642 0
6643 1
6644 1
6645 1
6646 1
6647 0
6648 0
6649 0
6650 1
6651 1
6652 0
6653 1
6654 1
6655 1
6656 1
6657 1
6658 1
6659 1
6660 0
6661 0
6662 0
6663 0
6664 1
6665 1
6666 1
6667 1
6668 0
6669 1
6670 1
6671 1
6672 1
6673 0
6674 1
6675 1
6676 1
6677 1
6678 1
6679 1
6680 1
6681 0
6682 1
6683 0
6684 1
6685 1
6686 0
6687 0
6688 1
6689 0
6690 0
6691 1
6692 1
6693 0
6694 1
6695 1
6696 1
6697 1
6698 1
6699 1
6700 1
6701 1
6702 1
6703 0
6704 0
6705 1
6706 0
6707 0
6708 1
6709 0
6710 0
6711 0
6712 1
6713 0
6714 1
6715 1
6716 1
6717 0
6718 0
6719 1
6720 1
6721 1
6722 1
6723 0
6724 0
6725 1
6726 1
6727 1
6728 1
6729 1
6730 1
6731 1
6732 1
6733 1
6734 1
6735 1
6736 1
6737 1
6738 1
6739 1
6740 1
6741 0
6742 1
6743 0
6744 1
6745 0
6746 0
6747 1
6748 1
6749 1
6750 0
6751 0
6752 1
6753 0
6754 1
6755 0
6756 1
6757 1
6758 1
6759 1
6760 1
6761 0
6762 1
6763 0
6764 0
6765 1
6766 0
6767 1
6768 0
6769 0
6770 0
6771 0
6772 1
6773 1
6774 0
6775 1
6776 0
6777 0
6778 1
6779 1
6780 0
6781 0
6782 1
6783 1
6784 0
6785 0
6786 0
6787 0
6788 0
6789 0
6790 1
6791 1
6792 1
6793 1
6794 1
6795 0
6796 1
6797 0
6798 1
6799 0
6800 0
6801 0
6802 1
6803 1
6804 1
6805 1
6806 1
6807 0
6808 1
6809 1
6810 1
6811 0
6812 0
6813 1
6814 1
6815 1
6816 0
6817 0
6818 1
6819 1
6820 0
6821 0
6822 0
6823 1
6824 0
6825 1
6826 0
6827 0
6828 1
6829 1
6830 1
6831 1
6832 0
6833 1
6834 0
6835 1
6836 1
6837 1
6838 1
6839 0
6840 1
6841 1
6842 0
6843 0
6844 0
6845 1
6846 0
6847 1
6848 1
6849 1
6850 1
6851 1
6852 0
6853 0
6854 0
6855 1
6856 1
6857 1
6858 0
6859 1
6860 1
6861 1
6862 1
6863 0
6864 1
6865 1
6866 0
6867 1
6868 1
6869 0
6870 0
6871 1
6872 0
6873 0
6874 1
6875 1
6876 1
6877 1
6878 0
6879 1
6880 1
6881 0
6882 1
6883 1
6884 1
6885 1
6886 0
6887 0
6888 1
6889 0
6890 0
6891 0
6892 1
6893 1
6894 1
6895 1
6896 1
6897 1
6898 1
6899 0
6900 1
6901 1
6902 0
6903 1
6904 0
6905 1
6906 0
6907 1
6908 0
6909 0
6910 0
6911 1
6912 1
6913 0
6914 1
6915 1
6916 1
6917 1
6918 0
6919 1
6920 1
6921 1
6922 1
6923 1
6924 0
6925 1
6926 0
6927 0
6928 1
6929 0
6930 1
6931 1
6932 1
6933 1
6934 0
6935 1
6936 1
6937 1
6938 0
6939 0
6940 1
6941 1
6942 1
6943 0
6944 1
6945 1
6946 0
6947 1
6948 0
6949 0
6950 1
6951 1
6952 0
6953 1
6954 0
6955 1
6956 1
6957 0
6958 1
6959 1
6960 1
6961 1
6962 1
6963 0
6964 1
6965 1
6966 1
6967 0
6968 1
6969 1
6970 1
6971 0
6972 1
6973 0
6974 1
6975 1
6976 1
6977 0
6978 1
6979 1
6980 0
6981 1
6982 1
6983 1
6984 1
6985 0
6986 1
6987 1
6988 0
6989 1
6990 1
6991 1
6992 0
6993 1
6994 1
6995 1
6996 0
6997 1
6998 0
6999 1
7000 0
7001 1
7002 0
7003 1
7004 1
7005 1
7006 1
7007 1
7008 0
7009 1
7010 1
7011 1
7012 0
7013 0
7014 1
7015 0
7016 0
7017 0
7018 0
7019 0
7020 0
7021 1
7022 1
7023 1
7024 0
7025 1
7026 0
7027 0
7028 0
7029 1
7030 1
7031 1
7032 1
7033 0
7034 1
7035 0
7036 0
7037 0
7038 1
7039 0
7040 0
7041 1
7042 1
7043 1
7044 0
7045 0
7046 0
7047 1
7048 0
7049 0
7050 1
7051 0
7052 1
7053 1
7054 1
7055 1
7056 1
7057 1
7058 0
7059 0
7060 0
7061 0
7062 1
7063 1
7064 0
7065 0
7066 1
7067 1
7068 1
7069 0
7070 0
7071 1
7072 0
7073 1
7074 1
7075 0
7076 0
7077 0
7078 1
7079 0
7080 1
7081 0
7082 0
7083 0
7084 1
7085 1
7086 0
7087 1
7088 0
7089 1
7090 1
7091 0
7092 1
7093 1
7094 1
7095 1
7096 0
7097 1
7098 0
7099 1
7100 1
7101 0
7102 1
7103 1
7104 0
7105 1
7106 0
7107 0
7108 1
7109 1
7110 1
7111 1
7112 0
7113 1
7114 0
7115 0
7116 1
7117 1
7118 0
7119 0
7120 1
7121 1
7122 0
7123 0
7124 1
7125 1
7126 0
7127 0
7128 0
7129 0
7130 1
7131 0
7132 1
7133 0
7134 1
7135 1
7136 1
7137 1
7138 1
7139 1
7140 1
7141 1
7142 1
7143 1
7144 1
7145 0
7146 1
7147 1
7148 1
7149 0
7150 1
7151 0
7152 1
7153 1
7154 0
7155 1
7156 1
7157 1
7158 1
7159 1
7160 0
7161 1
7162 0
7163 0
7164 0
7165 1
7166 0
7167 0
7168 1
7169 1
7170 0
7171 0
7172 1
7173 0
7174 0
7175 0
7176 1
7177 0
7178 0
7179 1
7180 1
7181 1
7182 0
7183 0
7184 1
7185 1
7186 1
7187 1
7188 0
7189 1
7190 1
7191 0
7192 1
7193 1
7194 1
7195 1
7196 0
7197 0
7198 1
7199 1
7200 1
7201 0
7202 1
7203 1
7204 1
7205 1
7206 0
7207 1
7208 0
7209 0
7210 0
7211 1
7212 1
7213 1
7214 1
7215 0
7216 1
7217 1
7218 0
7219 0
7220 0
7221 1
7222 0
7223 1
7224 0
7225 1
7226 1
7227 1
7228 1
7229 0
7230 1
7231 1
7232 1
7233 1
7234 0
7235 1
7236 0
7237 1
7238 0
7239 1
7240 1
7241 1
7242 1
7243 1
7244 1
7245 1
7246 0
7247 0
7248 1
7249 1
7250 1
7251 0
7252 0
7253 1
7254 0
7255 1
7256 0
7257 1
7258 1
7259 1
7260 0
7261 0
7262 1
7263 0
7264 1
7265 1
7266 1
7267 1
7268 1
7269 1
7270 1
7271 1
7272 0
7273 0
7274 1
7275 1
7276 1
7277 1
7278 1
7279 1
7280 1
7281 1
7282 1
7283 0
7284 0
7285 1
7286 1
7287 0
7288 0
7289 1
7290 1
7291 1
7292 0
7293 1
7294 1
7295 1
7296 0
7297 0
7298 1
7299 0
7300 0
7301 0
7302 1
7303 1
7304 1
7305 1
7306 1
7307 1
7308 1
7309 0
7310 1
7311 1
7312 0
7313 1
7314 1
7315 1
7316 0
7317 1
7318 0
7319 1
7320 1
7321 1
7322 1
7323 1
7324 1
7325 1
7326 1
7327 1
7328 0
7329 0
7330 0
7331 1
7332 1
7333 1
7334 1
7335 1
7336 1
7337 1
7338 1
7339 0
7340 0
7341 1
7342 1
7343 0
7344 1
7345 1
7346 1
7347 1
7348 1
7349 0
7350 0
7351 1
7352 0
7353 1
7354 0
7355 1
7356 0
7357 1
7358 1
7359 1
7360 0
7361 0
7362 1
7363 1
7364 0
7365 1
7366 1
7367 1
7368 0
7369 0
7370 1
7371 1
7372 1
7373 0
7374 1
7375 1
7376 1
7377 1
7378 1
7379 0
7380 1
7381 1
7382 1
7383 1
7384 1
7385 0
7386 1
7387 1
7388 1
7389 1
7390 0
7391 1
7392 1
7393 0
7394 1
7395 0
7396 1
7397 0
7398 1
7399 1
7400 1
7401 0
7402 1
7403 1
7404 0
7405 1
7406 0
7407 1
7408 0
7409 1
7410 1
7411 1
7412 1
7413 0
7414 1
7415 0
7416 0
7417 1
7418 1
7419 1
7420 1
7421 1
7422 1
7423 1
7424 0
7425 1
7426 1
7427 0
7428 1
7429 1
7430 1
7431 1
7432 1
7433 1
7434 1
7435 0
7436 0
7437 1
7438 1
7439 1
7440 1
7441 1
7442 1
7443 0
7444 0
7445 1
7446 1
7447 1
7448 1
7449 1
7450 0
7451 0
7452 0
7453 1
7454 1
7455 0
7456 1
7457 1
7458 1
7459 1
7460 1
7461 0
7462 1
7463 1
7464 1
7465 1
7466 1
7467 0
7468 1
7469 1
7470 1
7471 1
7472 0
7473 1
7474 0
7475 1
7476 1
7477 1
7478 0
7479 0
7480 0
7481 0
7482 0
7483 0
7484 0
7485 1
7486 0
7487 0
7488 1
7489 1
7490 1
7491 1
7492 0
7493 0
7494 0
7495 0
7496 1
7497 0
7498 0
7499 0
7500 1
7501 1
7502 1
7503 1
7504 0
7505 0
7506 1
7507 0
7508 1
7509 1
7510 1
7511 1
7512 1
7513 1
7514 0
7515 1
7516 1
7517 0
7518 1
7519 1
7520 0
7521 1
7522 0
7523 1
7524 1
7525 1
7526 1
7527 1
7528 1
7529 0
7530 0
7531 1
7532 1
7533 0
7534 0
7535 0
7536 1
7537 1
7538 1
7539 1
7540 1
7541 1
7542 0
7543 0
7544 0
7545 1
7546 1
7547 0
7548 1
7549 1
7550 1
7551 0
7552 1
7553 1
7554 0
7555 1
7556 1
7557 1
7558 1
7559 1
7560 1
7561 1
7562 0
7563 0
7564 1
7565 1
7566 1
7567 1
7568 1
7569 0
7570 1
7571 1
7572 0
7573 1
7574 0
7575 1
7576 1
7577 1
7578 1
7579 1
7580 0
7581 0
7582 1
7583 0
7584 1
7585 1
7586 1
7587 0
7588 0
7589 0
7590 1
7591 1
7592 0
7593 1
7594 1
7595 1
7596 0
7597 1
7598 0
7599 1
7600 1
7601 1
7602 1
7603 0
7604 1
7605 1
7606 0
7607 1
7608 1
7609 1
7610 1
7611 1
7612 1
7613 0
7614 1
7615 0
7616 1
7617 0
7618 0
7619 0
7620 1
7621 1
7622 1
7623 1
7624 0
7625 1
7626 1
7627 1
7628 1
7629 1
7630 1
7631 0
7632 0
7633 1
7634 0
7635 1
7636 1
7637 1
7638 0
7639 0
7640 0
7641 1
7642 0
7643 1
7644 1
7645 1
7646 1
7647 1
7648 0
7649 1
7650 0
7651 1
7652 1
7653 1
7654 0
7655 1
7656 1
7657 0
7658 1
7659 0
7660 1
7661 0
7662 1
7663 1
7664 0
7665 0
7666 0
7667 1
7668 0
7669 1
7670 1
7671 1
7672 0
7673 1
7674 1
7675 0
7676 0
7677 0
7678 1
7679 1
7680 1
7681 0
7682 1
7683 1
7684 0
7685 0
7686 0
7687 1
7688 0
7689 1
7690 0
7691 0
7692 1
7693 0
7694 0
7695 1
7696 1
7697 1
7698 1
7699 1
7700 0
7701 1
7702 1
7703 1
7704 1
7705 1
7706 1
7707 1
7708 1
7709 0
7710 0
7711 1
7712 1
7713 0
7714 1
7715 1
7716 0
7717 1
7718 0
7719 0
7720 1
7721 1
7722 1
7723 1
7724 1
7725 1
7726 1
7727 0
7728 1
7729 0
7730 1
7731 1
7732 0
7733 0
7734 1
7735 1
7736 0
7737 1
7738 1
7739 1
7740 0
7741 0
7742 1
7743 1
7744 1
7745 0
7746 1
7747 0
7748 0
7749 1
7750 1
7751 1
7752 0
7753 0
7754 1
7755 1
7756 1
7757 0
7758 1
7759 1
7760 0
7761 1
7762 1
7763 1
7764 0
7765 0
7766 1
7767 0
7768 0
7769 1
7770 1
7771 1
7772 0
7773 1
7774 1
7775 1
7776 0
7777 1
7778 0
7779 1
7780 0
7781 0
7782 1
7783 1
7784 1
7785 1
7786 1
7787 1
7788 0
7789 0
7790 1
7791 0
7792 1
7793 1
7794 0
7795 0
7796 1
7797 1
7798 0
7799 1
7800 1
7801 1
7802 1
7803 0
7804 0
7805 0
7806 1
7807 1
7808 0
7809 1
7810 0
7811 1
7812 1
7813 1
7814 1
7815 1
7816 1
7817 1
7818 1
7819 1
7820 1
7821 1
7822 1
7823 0
7824 0
7825 0
7826 0
7827 0
7828 0
7829 1
7830 1
7831 1
7832 0
7833 1
7834 0
7835 0
7836 0
7837 1
7838 1
7839 1
7840 0
7841 1
7842 0
7843 1
7844 0
7845 1
7846 0
7847 1
7848 1
7849 0
7850 1
7851 1
7852 1
7853 0
7854 0
7855 1
7856 0
7857 0
7858 0
7859 1
7860 0
7861 1
7862 1
7863 1
7864 1
7865 1
7866 0
7867 1
7868 1
7869 1
7870 0
7871 0
7872 1
7873 0
7874 1
7875 1
7876 1
7877 0
7878 1
7879 0
7880 1
7881 1
7882 0
7883 1
7884 0
7885 1
7886 1
7887 1
7888 1
7889 0
7890 1
7891 0
7892 0
7893 1
7894 1
7895 1
7896 0
7897 1
7898 0
7899 0
7900 1
7901 0
7902 1
7903 1
7904 0
7905 0
7906 1
7907 0
7908 0
7909 1
7910 1
7911 1
7912 1
7913 1
7914 1
7915 1
7916 1
7917 1
7918 0
7919 0
7920 0
7921 1
7922 0
7923 0
7924 1
7925 0
7926 0
7927 1
7928 1
7929 1
7930 0
7931 0
7932 1
7933 1
7934 1
7935 1
7936 0
7937 1
7938 1
7939 1
7940 1
7941 1
7942 0
7943 1
7944 1
7945 0
7946 1
7947 0
7948 1
7949 0
7950 0
7951 1
7952 0
7953 0
7954 0
7955 1
7956 1
7957 0
7958 0
7959 1
7960 0
7961 1
7962 1
7963 0
7964 1
7965 1
7966 0
7967 1
7968 1
7969 1
7970 0
7971 1
7972 1
7973 1
7974 1
7975 1
7976 1
7977 1
7978 0
7979 1
7980 0
7981 1
7982 0
7983 0
7984 1
7985 1
7986 0
7987 0
7988 1
7989 1
7990 0
7991 1
7992 0
7993 1
7994 0
7995 1
7996 0
7997 1
7998 0
7999 1
8000 0
8001 0
8002 0
8003 1
8004 1
8005 1
8006 1
8007 0
8008 1
8009 1
8010 1
8011 1
8012 1
8013 1
8014 0
8015 1
8016 1
8017 1
8018 1
8019 1
8020 1
8021 1
8022 0
8023 1
8024 1
8025 1
8026 1
8027 1
8028 1
8029 1
8030 1
8031 1
8032 1
8033 1
8034 0
8035 0
8036 1
8037 0
8038 0
8039 1
8040 1
8041 0
8042 1
8043 0
8044 1
8045 1
8046 1
8047 1
8048 1
8049 0
8050 0
8051 1
8052 1
8053 0
8054 0
8055 1
8056 1
8057 1
8058 1
8059 1
8060 1
8061 1
8062 1
8063 1
8064 0
8065 0
8066 1
8067 1
8068 1
8069 1
8070 0
8071 1
8072 0
8073 1
8074 1
8075 1
8076 1
8077 1
8078 1
8079 1
8080 1
8081 1
8082 1
8083 1
8084 1
8085 1
8086 0
8087 0
8088 1
8089 0
8090 0
8091 1
8092 0
8093 1
8094 1
8095 0
8096 1
8097 0
8098 0
8099 1
8100 0
8101 1
8102 0
8103 0
8104 0
8105 1
8106 1
8107 0
8108 0
8109 1
8110 1
8111 1
8112 0
8113 0
8114 1
8115 1
8116 1
8117 0
8118 1
8119 1
8120 1
8121 1
8122 1
8123 0
8124 1
8125 1
8126 1
8127 0
8128 1
8129 0
8130 1
8131 0
8132 0
8133 1
8134 1
8135 1
8136 0
8137 0
8138 0
8139 1
8140 1
8141 0
8142 1
8143 0
8144 1
8145 1
8146 1
8147 1
8148 1
8149 0
8150 0
8151 0
8152 1
8153 0
8154 1
8155 1
8156 0
8157 1
8158 1
8159 1
8160 0
8161 1
8162 1
8163 1
8164 0
8165 0
8166 1
8167 0
8168 1
8169 1
8170 1
8171 1
8172 0
8173 0
8174 1
8175 0
8176 1
8177 0
8178 1
8179 1
8180 1
8181 0
8182 1
8183 0
8184 1
8185 0
8186 0
8187 1
8188 1
8189 1
8190 1
8191 1
8192 1
8193 1
8194 1
8195 1
8196 1
8197 1
8198 0
8199 0
8200 1
8201 1
8202 1
8203 0
8204 1
8205 0
8206 1
8207 1
8208 1
8209 1
8210 1
8211 0
8212 1
8213 1
8214 1
8215 0
8216 1
8217 0
8218 0
8219 1
8220 0
8221 0
8222 1
8223 0
8224 1
8225 1
8226 0
8227 0
8228 0
8229 0
8230 0
8231 1
8232 0
8233 1
8234 1
8235 0
8236 0
8237 0
8238 1
8239 0
8240 1
8241 0
8242 0
8243 0
8244 0
8245 0
8246 1
8247 0
8248 1
8249 1
8250 0
8251 0
8252 1
8253 1
8254 0
8255 0
8256 1
8257 0
8258 1
8259 1
8260 0
8261 1
8262 0
8263 1
8264 0
8265 1
8266 1
8267 1
8268 1
8269 0
8270 0
8271 0
8272 1
8273 0
8274 1
8275 1
8276 0
8277 1
8278 1
8279 1
8280 0
8281 1
8282 1
8283 1
8284 0
8285 1
8286 1
8287 1
8288 0
8289 1
8290 0
8291 0
8292 0
8293 0
8294 0
8295 1
8296 1
8297 1
8298 1
8299 1
8300 1
8301 1
8302 1
8303 1
8304 1
8305 0
8306 0
8307 0
8308 0
8309 1
8310 1
8311 1
8312 1
8313 1
8314 1
8315 1
8316 1
8317 1
8318 0
8319 0
8320 1
8321 1
8322 0
8323 0
8324 0
8325 1
8326 0
8327 1
8328 1
8329 1
8330 1
8331 0
8332 1
8333 0
8334 0
8335 1
8336 1
8337 0
8338 1
8339 0
8340 0
8341 0
8342 0
8343 1
8344 0
8345 0
8346 1
8347 0
8348 1
8349 1
8350 0
8351 0
8352 1
8353 1
8354 1
8355 1
8356 1
8357 1
8358 1
8359 0
8360 0
8361 0
8362 1
8363 1
8364 0
8365 1
8366 0
8367 1
8368 0
8369 1
8370 1
8371 1
8372 0
8373 1
8374 0
8375 1
8376 0
8377 1
8378 1
8379 1
8380 0
8381 1
8382 0
8383 0
8384 1
8385 0
8386 0
8387 0
8388 1
8389 1
8390 1
8391 1
8392 1
8393 0
8394 1
8395 1
8396 1
8397 0
8398 1
8399 1
8400 1
8401 1
8402 0
8403 0
8404 1
8405 1
8406 1
8407 1
8408 0
8409 1
8410 1
8411 1
8412 1
8413 1
8414 1
8415 0
8416 0
8417 0
8418 1
8419 0
8420 1
8421 1
8422 1
8423 0
8424 1
8425 0
8426 1
8427 1
8428 1
8429 0
8430 1
8431 0
8432 0
8433 1
8434 1
8435 0
8436 0
8437 1
8438 0
8439 0
8440 1
8441 0
8442 1
8443 1
8444 0
8445 0
8446 1
8447 1
8448 1
8449 0
8450 1
8451 1
8452 1
8453 0
8454 1
8455 1
8456 1
8457 1
8458 1
8459 0
8460 1
8461 1
8462 1
8463 1
8464 1
8465 1
8466 1
8467 0
8468 1
8469 0
8470 1
8471 1
8472 0
8473 0
8474 1
8475 1
8476 1
8477 1
8478 1
8479 1
8480 1
8481 1
8482 1
8483 1
8484 0
8485 0
8486 1
8487 0
8488 0
8489 0
8490 1
8491 0
8492 1
8493 0
8494 1
8495 1
8496 1
8497 0
8498 1
8499 0
8500 1
8501 0
8502 0
8503 1
8504 0
8505 1
8506 0
8507 1
8508 1
8509 0
8510 0
8511 1
8512 1
8513 0
8514 0
8515 1
8516 1
8517 1
8518 0
8519 0
8520 1
8521 1
8522 0
8523 1
8524 1
8525 1
8526 0
8527 1
8528 1
8529 1
8530 1
8531 1
8532 1
8533 1
8534 0
8535 1
8536 1
8537 0
8538 1
8539 1
8540 1
8541 1
8542 1
8543 1
8544 1
8545 1
8546 1
8547 0
8548 1
8549 0
8550 1
8551 0
8552 1
8553 1
8554 1
8555 0
8556 1
8557 0
8558 0
8559 1
8560 1
8561 0
8562 1
8563 1
8564 1
8565 1
8566 0
8567 1
8568 0
8569 1
8570 0
8571 1
8572 1
8573 0
8574 1
8575 1
8576 1
8577 1
8578 1
8579 1
8580 0
8581 1
8582 1
8583 1
8584 1
8585 0
8586 0
8587 0
8588 0
8589 1
8590 1
8591 0
8592 1
8593 0
8594 1
8595 1
8596 1
8597 1
8598 1
8599 1
8600 1
8601 1
8602 1
8603 1
8604 1
8605 0
8606 1
8607 1
8608 1
8609 1
8610 1
8611 1
8612 0
8613 1
8614 0
8615 0
8616 1
8617 1
8618 1
8619 0
8620 1
8621 1
8622 1
8623 1
8624 1
8625 1
8626 0
8627 1
8628 1
8629 1
8630 0
8631 1
8632 1
8633 0
8634 1
8635 1
8636 0
8637 1
8638 0
8639 0
8640 1
8641 0
8642 1
8643 0
8644 1
8645 1
8646 1
8647 1
8648 0
8649 1
8650 0
8651 1
8652 1
8653 0
8654 0
8655 1
8656 0
8657 1
8658 0
8659 1
8660 0
8661 0
8662 1
8663 1
8664 0
8665 1
8666 0
8667 0
8668 0
8669 1
8670 0
8671 1
8672 0
8673 1
8674 0
8675 1
8676 1
8677 1
8678 1
8679 0
8680 1
8681 1
8682 0
8683 1
8684 0
8685 1
8686 0
8687 1
8688 0
8689 0
8690 0
8691 1
8692 0
8693 0
8694 1
8695 0
8696 0
8697 1
8698 0
8699 0
8700 1
8701 0
8702 0
8703 0
8704 1
8705 1
8706 0
8707 1
8708 1
8709 1
8710 1
8711 1
8712 0
8713 0
8714 1
8715 0
8716 1
8717 1
8718 0
8719 1
8720 0
8721 0
8722 1
8723 0
8724 1
8725 0
8726 0
8727 1
8728 1
8729 1
8730 0
8731 0
8732 0
8733 1
8734 0
8735 1
8736 1
8737 1
8738 1
8739 1
8740 1
8741 0
8742 1
8743 1
8744 1
8745 0
8746 0
8747 0
8748 1
8749 1
8750 1
8751 0
8752 0
8753 1
8754 0
8755 1
8756 0
8757 0
8758 1
8759 0
8760 1
8761 0
8762 1
8763 1
8764 1
8765 1
8766 1
8767 1
8768 1
8769 0
8770 1
8771 1
8772 0
8773 0
8774 1
8775 0
8776 0
8777 0
8778 0
8779 1
8780 1
8781 1
8782 1
8783 0
8784 0
8785 1
8786 1
8787 0
8788 1
8789 1
8790 1
8791 1
8792 1
8793 1
8794 0
8795 0
8796 1
8797 0
8798 0
8799 1
8800 1
8801 1
8802 0
8803 0
8804 1
8805 0
8806 1
8807 1
8808 0
8809 1
8810 1
8811 0
8812 1
8813 1
8814 1
8815 0
8816 0
8817 1
8818 1
8819 1
8820 1
8821 1
8822 0
8823 1
8824 0
8825 1
8826 1
8827 1
8828 1
8829 0
8830 0
8831 1
8832 1
8833 1
8834 0
8835 0
8836 1
8837 1
8838 0
8839 0
8840 0
8841 1
8842 1
8843 1
8844 1
8845 1
8846 0
8847 1
8848 0
8849 1
8850 0
8851 1
8852 0
8853 1
8854 1
8855 1
8856 1
8857 0
8858 1
8859 0
8860 1
8861 1
8862 0
8863 1
8864 0
8865 1
8866 0
8867 0
8868 0
8869 0
8870 1
8871 0
8872 1
8873 1
8874 1
8875 0
8876 0
8877 0
8878 1
8879 0
8880 0
8881 1
8882 1
8883 1
8884 1
8885 1
8886 1
8887 1
8888 1
8889 0
8890 1
8891 1
8892 1
8893 0
8894 0
8895 0
8896 0
8897 1
8898 1
8899 0
8900 1
8901 1
8902 1
8903 0
8904 0
8905 1
8906 1
8907 1
8908 1
8909 0
8910 0
8911 0
8912 1
8913 1
8914 1
8915 1
8916 1
8917 1
8918 0
8919 1
8920 1
8921 0
8922 1
8923 1
8924 0
8925 1
8926 1
8927 1
8928 0
8929 1
8930 1
8931 1
8932 1
8933 0
8934 1
8935 0
8936 1
8937 1
8938 0
8939 1
8940 0
8941 1
8942 0
8943 1
8944 0
8945 1
8946 0
8947 1
8948 1
8949 1
8950 1
8951 1
8952 0
8953 0
8954 0
8955 0
8956 0
8957 0
8958 0
8959 0
8960 0
8961 0
8962 1
8963 0
8964 1
8965 1
8966 0
8967 0
8968 0
8969 1
8970 1
8971 1
8972 1
8973 0
8974 1
8975 1
8976 0
8977 0
8978 1
8979 1
8980 0
8981 1
8982 0
8983 0
8984 1
8985 1
8986 1
8987 1
8988 1
8989 1
8990 0
8991 0
8992 1
8993 0
8994 0
8995 0
8996 1
8997 1
8998 0
8999 1
9000 1
9001 0
9002 0
9003 0
9004 1
9005 1
9006 1
9007 0
9008 1
9009 0
9010 1
9011 1
9012 1
9013 0
9014 0
9015 0
9016 1
9017 1
9018 1
9019 0
9020 1
9021 0
9022 1
9023 1
9024 0
9025 1
9026 0
9027 0
9028 0
9029 0
9030 0
9031 0
9032 1
9033 1
9034 0
9035 1
9036 0
9037 0
9038 1
9039 1
9040 0
9041 1
9042 1
9043 0
9044 1
9045 1
9046 1
9047 1
9048 1
9049 1
9050 1
9051 0
9052 0
9053 1
9054 0
9055 1
9056 1
9057 1
9058 1
9059 1
9060 0
9061 0
9062 0
9063 0
9064 1
9065 1
9066 1
9067 1
9068 0
9069 0
9070 0
9071 1
9072 1
9073 1
9074 0
9075 1
9076 0
9077 1
9078 1
9079 0
9080 0
9081 1
9082 0
9083 1
9084 1
9085 0
9086 1
9087 0
9088 1
9089 1
9090 1
9091 1
9092 1
9093 0
9094 1
9095 0
9096 1
9097 0
9098 0
9099 1
9100 0
9101 0
9102 1
9103 1
9104 0
9105 1
9106 0
9107 1
9108 1
9109 1
9110 0
9111 1
9112 1
9113 0
9114 1
9115 0
9116 1
9117 1
9118 0
9119 1
9120 1
9121 1
9122 1
9123 1
9124 1
9125 1
9126 0
9127 0
9128 1
9129 1
9130 1
9131 1
9132 0
9133 0
9134 1
9135 1
9136 0
9137 1
9138 0
9139 1
9140 1
9141 0
9142 0
9143 0
9144 1
9145 0
9146 1
9147 1
9148 1
9149 1
9150 1
9151 1
9152 0
9153 1
9154 1
9155 1
9156 1
9157 1
9158 1
9159 0
9160 0
9161 1
9162 1
9163 0
9164 1
9165 0
9166 1
9167 1
9168 1
9169 1
9170 0
9171 1
9172 1
9173 1
9174 1
9175 0
9176 1
9177 0
9178 1
9179 1
9180 1
9181 1
9182 1
9183 1
9184 1
9185 0
9186 1
9187 0
9188 1
9189 1
9190 1
9191 1
9192 0
9193 1
9194 1
9195 0
9196 1
9197 1
9198 1
9199 1
9200 1
9201 1
9202 0
9203 1
9204 1
9205 1
9206 0
9207 1
9208 0
9209 0
9210 0
9211 1
9212 1
9213 1
9214 1
9215 1
9216 1
9217 1
9218 0
9219 0
9220 1
9221 1
9222 1
9223 0
9224 0
9225 0
9226 1
9227 0
9228 1
9229 1
9230 0
9231 0
9232 0
9233 1
9234 0
9235 0
9236 1
9237 0
9238 1
9239 1
9240 0
9241 0
9242 0
9243 1
9244 1
9245 1
9246 0
9247 1
9248 1
9249 1
9250 1
9251 1
9252 0
9253 1
9254 1
9255 1
9256 1
9257 1
9258 1
9259 0
9260 1
9261 1
9262 0
9263 0
9264 0
9265 1
9266 0
9267 1
9268 1
9269 1
9270 0
9271 1
9272 0
9273 1
9274 0
9275 1
9276 1
9277 1
9278 0
9279 0
9280 1
9281 1
9282 0
9283 1
9284 1
9285 1
9286 1
9287 1
9288 0
9289 0
9290 0
9291 1
9292 1
9293 0
9294 1
9295 1
9296 0
9297 1
9298 1
9299 1
9300 1
9301 1
9302 1
9303 0
9304 1
9305 1
9306 0
9307 1
9308 1
9309 1
9310 1
9311 1
9312 0
9313 1
9314 1
9315 1
9316 0
9317 0
9318 1
9319 1
9320 1
9321 1
9322 1
9323 1
9324 1
9325 0
9326 0
9327 1
9328 1
9329 0
9330 1
9331 1
9332 0
9333 0
9334 1
9335 1
9336 1
9337 1
9338 1
9339 1
9340 1
9341 1
9342 0
9343 0
9344 1
9345 0
9346 0
9347 1
9348 0
9349 1
9350 0
9351 0
9352 0
9353 1
9354 1
9355 0
9356 1
9357 1
9358 1
9359 0
9360 1
9361 0
9362 1
9363 0
9364 1
9365 1
9366 0
9367 0
9368 1
9369 1
9370 0
9371 1
9372 0
9373 1
9374 0
9375 1
9376 1
9377 0
9378 1
9379 1
9380 1
9381 1
9382 0
9383 1
9384 1
9385 1
9386 0
9387 1
9388 0
9389 1
9390 1
9391 1
9392 1
9393 1
9394 0
9395 1
9396 1
9397 1
9398 0
9399 1
9400 0
9401 0
9402 0
9403 0
9404 1
9405 1
9406 1
9407 0
9408 1
9409 1
9410 1
9411 1
9412 1
9413 0
9414 1
9415 1
9416 0
9417 1
9418 1
9419 1
9420 0
9421 0
9422 1
9423 1
9424 1
9425 0
9426 1
9427 1
9428 0
9429 1
9430 0
9431 1
9432 1
9433 1
9434 1
9435 0
9436 1
9437 1
9438 1
9439 1
9440 0
9441 0
9442 0
9443 1
9444 1
9445 1
9446 1
9447 0
9448 1
9449 1
9450 1
9451 1
9452 1
9453 1
9454 1
9455 0
9456 0
9457 0
9458 1
9459 1
9460 0
9461 0
9462 1
9463 0
9464 0
9465 1
9466 1
9467 1
9468 1
9469 1
9470 0
9471 0
9472 1
9473 1
9474 0
9475 1
9476 1
9477 1
9478 1
9479 1
9480 1
9481 0
9482 1
9483 1
9484 1
9485 1
9486 1
9487 0
9488 1
9489 1
9490 0
9491 0
9492 1
9493 0
9494 0
9495 0
9496 1
9497 1
9498 1
9499 1
9500 0
9501 1
9502 1
9503 0
9504 0
9505 1
9506 0
9507 0
9508 0
9509 0
9510 1
9511 0
9512 1
9513 1
9514 1
9515 1
9516 1
9517 1
9518 0
9519 0
9520 0
9521 1
9522 1
9523 1
9524 1
9525 0
9526 1
9527 1
9528 0
9529 1
9530 1
9531 1
9532 1
9533 1
9534 0
9535 0
9536 1
9537 0
9538 1
9539 0
9540 1
9541 0
9542 1
9543 1
9544 0
9545 1
9546 1
9547 1
9548 1
9549 1
9550 0
9551 1
9552 0
9553 1
9554 1
9555 1
9556 0
9557 0
9558 0
9559 0
9560 1
9561 1
9562 1
9563 1
9564 1
9565 0
9566 1
9567 0
9568 1
9569 1
9570 0
9571 1
9572 1
9573 0
9574 0
9575 0
9576 0
9577 1
9578 1
9579 1
9580 1
9581 1
9582 0
9583 0
9584 0
9585 1
9586 1
9587 1
9588 0
9589 1
9590 1
9591 0
9592 1
9593 1
9594 1
9595 0
9596 0
9597 0
9598 0
9599 0
9600 0
9601 0
9602 1
9603 0
9604 0
9605 0
9606 1
9607 0
9608 0
9609 1
9610 1
9611 0
9612 0
9613 1
9614 1
9615 0
9616 1
9617 1
9618 0
9619 0
9620 0
9621 1
9622 0
9623 1
9624 1
9625 1
9626 1
9627 1
9628 0
9629 1
9630 1
9631 0
9632 0
9633 1
9634 1
9635 1
9636 1
9637 1
9638 0
9639 1
9640 0
9641 0
9642 1
9643 1
9644 1
9645 1
9646 1
9647 1
9648 1
9649 1
9650 1
9651 1
9652 1
9653 1
9654 0
9655 1
9656 1
9657 1
9658 0
9659 1
9660 1
9661 1
9662 0
9663 1
9664 1
9665 1
9666 1
9667 1
9668 0
9669 0
9670 1
9671 1
9672 1
9673 0
9674 0
9675 1
9676 1
9677 0
9678 1
9679 0
9680 0
9681 0
9682 1
9683 1
9684 1
9685 1
9686 1
9687 1
9688 1
9689 1
9690 1
9691 0
9692 0
9693 0
9694 1
9695 1
9696 1
9697 0
9698 1
9699 1
9700 0
9701 1
9702 0
9703 1
9704 1
9705 1
9706 0
9707 1
9708 1
9709 0
9710 1
9711 1
9712 1
9713 0
9714 1
9715 1
9716 1
9717 1
9718 0
9719 0
9720 1
9721 1
9722 1
9723 0
9724 1
9725 0
9726 1
9727 1
9728 0
9729 0
9730 1
9731 0
9732 0
9733 1
9734 1
9735 1
9736 0
9737 1
9738 1
9739 0
9740 1
9741 1
9742 1
9743 1
9744 1
9745 1
9746 0
9747 1
9748 0
9749 1
9750 0
9751 0
9752 0
9753 1
9754 0
9755 1
9756 1
9757 1
9758 0
9759 1
9760 0
9761 1
9762 0
9763 0
9764 1
9765 0
9766 0
9767 1
9768 1
9769 0
9770 0
9771 1
9772 1
9773 1
9774 1
9775 0
9776 1
9777 1
9778 0
9779 1
9780 0
9781 1
9782 0
9783 0
9784 0
9785 1
9786 1
9787 1
9788 1
9789 0
9790 1
9791 1
9792 1
9793 1
9794 0
9795 1
9796 1
9797 0
9798 1
9799 1
9800 1
9801 0
9802 0
9803 1
9804 1
9805 1
9806 0
9807 0
9808 1
9809 1
9810 0
9811 1
9812 1
9813 1
9814 0
9815 0
9816 1
9817 1
9818 0
9819 1
9820 0
9821 0
9822 1
9823 1
9824 1
9825 1
9826 1
9827 1
9828 0
9829 1
9830 1
9831 1
9832 1
9833 0
9834 1
9835 0
9836 1
9837 1
9838 1
9839 1
9840 1
9841 1
9842 1
9843 1
9844 0
9845 1
9846 0
9847 1
9848 1
9849 1
9850 1
9851 0
9852 0
9853 1
9854 1
9855 0
9856 0
9857 0
9858 0
9859 0
9860 1
9861 1
9862 1
9863 0
9864 1
9865 1
9866 1
9867 1
9868 1
9869 0
9870 1
9871 1
9872 1
9873 1
9874 1
9875 1
9876 1
9877 0
9878 1
9879 0
9880 1
9881 0
9882 0
9883 1
9884 1
9885 0
9886 0
9887 1
9888 0
9889 0
9890 0
9891 0
9892 1
9893 1
9894 0
9895 0
9896 1
9897 1
9898 0
9899 0
9900 1
9901 1
9902 1
9903 1
9904 1
9905 1
9906 0
9907 1
9908 1
9909 0
9910 1
9911 0
9912 0
9913 1
9914 0
9915 1
9916 1
9917 1
9918 1
9919 0
9920 1
9921 1
9922 1
9923 1
9924 0
9925 1
9926 1
9927 1
9928 0
9929 0
9930 1
9931 0
9932 1
9933 0
9934 1
9935 0
9936 0
9937 1
9938 1
9939 1
9940 1
9941 1
9942 1
9943 0
9944 1
9945 1
9946 1
9947 0
9948 1
9949 1
9950 0
9951 1
9952 0
9953 1
9954 0
9955 1
9956 1
9957 1
9958 1
9959 1
9960 1
9961 1
9962 0
9963 0
9964 1
9965 1
9966 1
9967 0
9968 1
9969 1
9970 0
9971 0
9972 0
9973 1
9974 1
9975 0
9976 1
9977 0
9978 1
9979 1
9980 1
9981 1
9982 1
9983 1
9984 1
9985 0
9986 0
9987 1
9988 1
9989 1
9990 1
9991 1
9992 1
9993 0
9994 1
9995 1
9996 0
9997 0
9998 1
9999 1
10000 1
10001 0
10002 0
10003 0
10004 0
10005 1
10006 0
10007 0
10008 0
10009 1
10010 1
10011 0
10012 0
10013 0
10014 0
10015 0
10016 1
10017 0
10018 1
10019 0
10020 1
10021 1
10022 1
10023 1
10024 1
10025 0
10026 0
10027 1
10028 1
10029 0
10030 0
10031 0
10032 1
10033 1
10034 1
10035 1
10036 0
10037 1
10038 1
10039 1
10040 1
10041 1
10042 1
10043 1
10044 0
10045 1
10046 1
10047 1
10048 1
10049 1
10050 0
10051 1
10052 1
10053 1
10054 1
10055 1
10056 1
10057 1
10058 1
10059 1
10060 0
10061 1
10062 1
10063 1
10064 0
10065 1
10066 0
10067 0
10068 1
10069 0
10070 1
10071 1
10072 1
10073 0
10074 1
10075 1
10076 0
10077 0
10078 1
10079 1
10080 0
10081 1
10082 0
10083 1
10084 1
10085 0
10086 1
10087 1
10088 1
10089 1
10090 1
10091 0
10092 0
10093 0
10094 1
10095 1
10096 0
10097 1
10098 1
10099 1
10100 0
10101 1
10102 0
10103 0
10104 1
10105 0
10106 1
10107 1
10108 1
10109 0
10110 1
10111 1
10112 1
10113 1
10114 0
10115 1
10116 0
10117 1
10118 1
10119 1
10120 1
10121 1
10122 1
10123 1
10124 0
10125 1
10126 0
10127 1
10128 1
10129 0
10130 0
10131 1
10132 1
10133 1
10134 1
10135 0
10136 1
10137 1
10138 1
10139 0
10140 1
10141 0
10142 0
10143 1
10144 1
10145 1
10146 0
10147 1
10148 1
10149 0
10150 1
10151 1
10152 0
10153 1
10154 1
10155 1
10156 1
10157 1
10158 1
10159 1
10160 1
10161 0
10162 1
10163 1
10164 1
10165 0
10166 1
10167 0
10168 1
10169 1
10170 0
10171 1
10172 1
10173 1
10174 0
10175 1
10176 1
10177 1
10178 1
10179 1
10180 0
10181 0
10182 0
10183 1
10184 1
10185 0
10186 0
10187 1
10188 1
10189 0
10190 1
10191 0
10192 1
10193 1
10194 1
10195 0
10196 1
10197 0
10198 1
10199 1
10200 1
10201 1
10202 0
10203 1
10204 1
10205 0
10206 0
10207 1
10208 0
10209 1
10210 1
10211 0
10212 1
10213 1
10214 1
10215 1
10216 0
10217 0
10218 1
10219 1
10220 1
10221 0
10222 1
10223 0
10224 1
10225 0
10226 0
10227 1
10228 1
10229 1
10230 1
10231 1
10232 1
10233 1
10234 1
10235 1
10236 1
10237 0
10238 0
10239 0
10240 1
10241 1
10242 1
10243 0
10244 0
10245 0
10246 1
10247 1
10248 1
10249 1
10250 0
10251 0
10252 1
10253 1
10254 0
10255 1
10256 1
10257 1
10258 0
10259 1
10260 1
10261 0
10262 0
10263 1
10264 1
10265 0
10266 0
10267 1
10268 1
10269 0
10270 1
10271 1
10272 0
10273 1
10274 0
10275 1
10276 0
10277 0
10278 0
10279 0
10280 1
10281 0
10282 0
10283 0
10284 1
10285 0
10286 0
10287 0
10288 1
10289 1
10290 1
10291 0
10292 1
10293 1
10294 1
10295 1
10296 1
10297 1
10298 1
10299 0
10300 0
10301 1
10302 0
10303 1
10304 1
10305 1
10306 0
10307 1
10308 0
10309 1
10310 1
10311 0
10312 1
10313 1
10314 1
10315 1
10316 1
10317 1
10318 0
10319 1
10320 1
10321 1
10322 1
10323 0
10324 0
10325 1
10326 0
10327 0
10328 1
10329 1
10330 1
10331 1
10332 0
10333 1
10334 0
10335 0
10336 1
10337 1
10338 1
10339 1
10340 0
10341 1
10342 0
10343 0
10344 1
10345 0
10346 1
10347 1
10348 0
10349 1
10350 0
10351 0
10352 1
10353 1
10354 1
10355 1
10356 1
10357 1
10358 1
10359 1
10360 0
10361 1
10362 0
10363 0
10364 0
10365 1
10366 0
10367 0
10368 0
10369 0
10370 1
10371 1
10372 1
10373 1
10374 1
10375 0
10376 1
10377 1
10378 0
10379 0
10380 0
10381 1
10382 1
10383 1
10384 1
10385 1
10386 1
10387 1
10388 0
10389 1
10390 0
10391 1
10392 1
10393 0
10394 0
10395 0
10396 0
10397 1
10398 0
10399 1
10400 1
10401 0
10402 1
10403 1
10404 0
10405 1
10406 1
10407 1
10408 1
10409 1
10410 1
10411 1
10412 1
10413 1
10414 1
10415 1
10416 1
10417 1
10418 0
10419 1
10420 1
10421 0
10422 0
10423 1
10424 0
10425 0
10426 1
10427 1
10428 0
10429 1
10430 0
10431 0
10432 0
10433 1
10434 1
10435 0
10436 0
10437 0
10438 1
10439 1
10440 0
10441 0
10442 0
10443 0
10444 0
10445 1
10446 1
10447 0
10448 1
10449 1
10450 1
10451 1
10452 1
10453 1
10454 1
10455 1
10456 0
10457 1
10458 1
10459 1
10460 1
10461 1
10462 1
10463 0
10464 1
10465 1
10466 1
10467 1
10468 1
10469 1
10470 0
10471 0
10472 0
10473 0
10474 1
10475 0
10476 1
10477 0
10478 1
10479 1
10480 1
10481 1
10482 1
10483 1
10484 1
10485 1
10486 1
10487 1
10488 1
10489 0
10490 0
10491 1
10492 1
10493 1
10494 1
10495 0
10496 1
10497 1
10498 1
10499 1
10500 0
10501 1
10502 1
10503 1
10504 1
10505 1
10506 1
10507 0
10508 1
10509 1
10510 1
10511 1
10512 1
10513 1
10514 0
10515 1
10516 1
10517 0
10518 1
10519 1
10520 1
10521 1
10522 1
10523 1
10524 0
10525 1
10526 0
10527 1
10528 1
10529 1
10530 0
10531 1
10532 0
10533 1
10534 1
10535 1
10536 0
10537 1
10538 1
10539 1
10540 0
10541 1
10542 1
10543 1
10544 1
10545 1
10546 0
10547 1
10548 1
10549 1
10550 0
10551 1
10552 1
10553 1
10554 0
10555 0
10556 1
10557 1
10558 1
10559 0
10560 1
10561 1
10562 1
10563 1
10564 1
10565 1
10566 0
10567 0
10568 0
10569 0
10570 1
10571 0
10572 1
10573 1
10574 1
10575 1
10576 1
10577 1
10578 0
10579 1
10580 1
10581 1
10582 1
10583 1
10584 0
10585 1
10586 0
10587 1
10588 0
10589 0
10590 1
10591 0
10592 1
10593 1
10594 1
10595 1
10596 1
10597 1
10598 1
10599 1
10600 1
10601 0
10602 1
10603 0
10604 1
10605 1
10606 1
10607 0
10608 1
10609 0
10610 1
10611 1
10612 0
10613 0
10614 1
10615 1
10616 1
10617 1
10618 1
10619 1
10620 0
10621 1
10622 1
10623 0
10624 0
10625 1
10626 1
10627 0
10628 1
10629 0
10630 0
10631 0
10632 0
10633 0
10634 1
10635 1
10636 1
10637 0
10638 1
10639 1
10640 1
10641 0
10642 1
10643 1
10644 1
10645 0
10646 1
10647 0
10648 0
10649 0
10650 1
10651 1
10652 1
10653 1
10654 1
10655 1
10656 1
10657 1
10658 0
10659 1
10660 1
10661 0
10662 1
10663 1
10664 1
10665 0
10666 0
10667 1
10668 1
10669 1
10670 0
10671 0
10672 0
10673 1
10674 0
10675 0
10676 0
10677 0
10678 1
10679 0
10680 0
10681 0
10682 1
10683 1
10684 1
10685 0
10686 1
10687 1
10688 0
10689 0
10690 0
10691 1
10692 1
10693 1
10694 1
10695 1
10696 1
10697 1
10698 1
10699 1
10700 0
10701 1
10702 0
10703 1
10704 1
10705 1
10706 1
10707 0
10708 0
10709 0
10710 0
10711 1
10712 0
10713 0
10714 0
10715 0
10716 0
10717 1
10718 0
10719 0
10720 1
10721 1
10722 0
10723 1
10724 0
10725 1
10726 0
10727 0
10728 0
10729 0
10730 0
10731 1
10732 1
10733 1
10734 1
10735 0
10736 0
10737 1
10738 0
10739 0
10740 1
10741 0
10742 1
10743 1
10744 0
10745 0
10746 0
10747 1
10748 1
10749 0
10750 1
10751 0
10752 0
10753 1
10754 1
10755 1
10756 1
10757 0
10758 1
10759 0
10760 1
10761 0
10762 1
10763 1
10764 1
10765 0
10766 1
10767 1
10768 0
10769 1
10770 0
10771 1
10772 0
10773 1
10774 0
10775 1
10776 0
10777 0
10778 0
10779 1
10780 0
10781 1
10782 0
10783 0
10784 1
10785 1
10786 1
10787 0
10788 1
10789 1
10790 1
10791 0
10792 1
10793 1
10794 1
10795 0
10796 0
10797 1
10798 0
10799 0
10800 1
10801 1
10802 1
10803 0
10804 1
10805 1
10806 1
10807 1
10808 1
10809 0
10810 1
10811 0
10812 1
10813 1
10814 1
10815 1
10816 1
10817 1
10818 0
10819 0
10820 1
10821 1
10822 0
10823 0
10824 1
10825 1
10826 0
10827 0
10828 0
10829 0
10830 1
10831 0
10832 0
10833 1
10834 0
10835 1
10836 1
10837 0
10838 1
10839 1
10840 1
10841 1
10842 1
10843 0
10844 1
10845 0
10846 0
10847 1
10848 1
10849 1
10850 1
10851 1
10852 0
10853 1
10854 1
10855 1
10856 0
10857 0
10858 1
10859 1
10860 0
10861 1
10862 0
10863 0
10864 1
10865 1
10866 1
10867 1
10868 0
10869 0
10870 0
10871 1
10872 1
10873 0
10874 1
10875 1
10876 1
10877 0
10878 0
10879 0
10880 0
10881 1
10882 0
10883 0
10884 1
10885 1
10886 0
10887 1
10888 0
10889 1
10890 1
10891 0
10892 0
10893 0
10894 0
10895 1
10896 0
10897 0
10898 1
10899 1
10900 0
10901 1
10902 0
10903 1
10904 0
10905 1
10906 1
10907 1
10908 0
10909 0
10910 1
10911 0
10912 0
10913 1
10914 0
10915 0
10916 1
10917 1
10918 1
10919 1
10920 0
10921 1
10922 0
10923 1
10924 1
10925 0
10926 1
10927 1
10928 1
10929 1
10930 0
10931 1
10932 1
10933 1
10934 1
10935 1
10936 0
10937 0
10938 0
10939 1
10940 1
10941 1
10942 1
10943 0
10944 1
10945 0
10946 0
10947 0
10948 1
10949 0
10950 1
10951 1
10952 1
10953 0
10954 1
10955 1
10956 0
10957 0
10958 1
10959 1
10960 1
10961 1
10962 1
10963 1
10964 1
10965 1
10966 1
10967 0
10968 1
10969 0
10970 1
10971 0
10972 0
10973 1
10974 1
10975 1
10976 1
10977 0
10978 1
10979 0
10980 1
10981 1
10982 0
10983 1
10984 1
10985 0
10986 1
10987 1
10988 0
10989 1
10990 1
10991 1
10992 1
10993 1
10994 1
10995 0
10996 1
10997 0
10998 1
10999 1
11000 1
11001 1
11002 1
11003 0
11004 1
11005 1
11006 1
11007 1
11008 1
11009 1
11010 0
11011 1
11012 0
11013 1
11014 0
11015 0
11016 0
11017 1
11018 1
11019 0
11020 1
11021 1
11022 1
11023 0
11024 1
11025 1
11026 1
11027 1
11028 0
11029 0
11030 1
11031 0
11032 0
11033 1
11034 1
11035 1
11036 1
11037 1
11038 1
11039 1
11040 1
11041 1
11042 1
11043 0
11044 1
11045 1
11046 0
11047 0
11048 1
11049 1
11050 1
11051 0
11052 1
11053 1
11054 0
11055 1
11056 1
11057 1
